,R,K,E,D,Q,N,H,S,T,A,V,I,L,M,P,G,Y,F,W,C
R,0.0,0.3357637,0.4552304,0.27000433,0.38707608,0.26985693,0.49397826,0.31111097,0.33510613,0.26940972,0.34702384,0.4226963,0.3588844,0.35861987,0.27084142,0.38792276,0.44518185,0.45162416,0.40181816,0.37760383
K,0.3357637,0.0,0.32328135,0.093191445,0.23861921,0.09300834,0.3714143,0.14425457,0.1740616,0.092452765,0.1888659,0.28286707,0.20359921,0.20327061,0.09423131,0.23967105,0.31079888,0.31880158,0.25693202,0.22685272
E,0.4552304,0.32328135,0.0,0.2562862,0.37555796,0.25613606,0.48446912,0.29816532,0.32261145,0.25568038,0.3347531,0.4118476,0.3468365,0.34656703,0.25713903,0.37642062,0.43475568,0.44131905,0.39057708,0.36590773
D,0.27000433,0.093191445,0.2562862,0.0,0.16324252,0.003216207,0.30918437,0.0595358,0.0922938,0.002605617,0.10856366,0.21187097,0.12475562,0.12439448,0.004560232,0.16439849,0.24256796,0.25136298,0.18336833,0.15031117
Q,0.38707608,0.23861921,0.37555796,0.16324252,0.0,0.1630736,0.41997266,0.21036106,0.23786551,0.16256094,0.25152612,0.33826572,0.26512134,0.26481813,0.1642021,0.29840654,0.36403978,0.37142426,0.31433415,0.28657848
N,0.26985693,0.09300834,0.25613606,0.003216207,0.1630736,0.0,0.30904484,0.0593459,0.092110455,0.002404213,0.108383656,0.21171182,0.12457883,0.12421769,0.0043592453,0.16422975,0.24241501,0.25121176,0.1832034,0.15013957
H,0.49397826,0.3714143,0.48446912,0.30918437,0.41997266,0.30904484,0.0,0.34808475,0.3707921,0.30862164,0.38207012,0.4536811,0.3932941,0.39304376,0.30997652,0.42077398,0.47495985,0.4810564,0.43392354,0.41100883
S,0.31111097,0.14425457,0.29816532,0.0595358,0.21036106,0.0593459,0.34808475,0.0,0.14340746,0.058769703,0.15876114,0.25625116,0.17404133,0.17370051,0.060614288,0.21145189,0.2852196,0.29351932,0.22935349,0.19815785
T,0.33510613,0.1740616,0.32261145,0.0922938,0.23786551,0.092110455,0.3707921,0.14340746,0.0,0.09155434,0.18806297,0.28215718,0.20281088,0.20248193,0.093334675,0.23891836,0.3101166,0.31812727,0.25619644,0.22608739
A,0.26940972,0.092452765,0.25568038,0.002605617,0.16256094,0.002404213,0.30862164,0.058769703,0.09155434,0.0,0.1078375,0.21122897,0.12404263,0.12368125,0.0037493706,0.16371787,0.24195099,0.25075316,0.18270314,0.14961904
V,0.34702384,0.1888659,0.3347531,0.10856366,0.25152612,0.108383656,0.38207012,0.15876114,0.18806297,0.1078375,0.0,0.29502392,0.21709985,0.21677679,0.10958588,0.25256014,0.32248223,0.33034927,0.2695285,0.23995912
I,0.4226963,0.28286707,0.4118476,0.21187097,0.33826572,0.21171182,0.4536811,0.25625116,0.28215718,0.21122897,0.29502392,0.0,0.30782902,0.30754346,0.2127747,0.33917987,0.40099877,0.40795416,0.35418183,0.32803917
L,0.3588844,0.20359921,0.3468365,0.12475562,0.26512134,0.12457883,0.3932941,0.17404133,0.20281088,0.12404263,0.21709985,0.30782902,0.0,0.23100317,0.12575924,0.26613653,0.33478856,0.34251273,0.28279668,0.2537644
M,0.35861987,0.20327061,0.34656703,0.12439448,0.26481813,0.12421769,0.39304376,0.17370051,0.20248193,0.12368125,0.21677679,0.30754346,0.23100317,0.0,0.12539858,0.26583374,0.33451408,0.3422414,0.2825008,0.25345653
P,0.27084142,0.09423131,0.25713903,0.004560232,0.1642021,0.0043592453,0.30997652,0.060614288,0.093334675,0.0037493706,0.10958588,0.2127747,0.12575924,0.12539858,0.0,0.1653567,0.24343657,0.25222147,0.18430477,0.15128553
G,0.38792276,0.23967105,0.37642062,0.16439849,0.29840654,0.16422975,0.42077398,0.21145189,0.23891836,0.16371787,0.25256014,0.33917987,0.26613653,0.26583374,0.1653567,0.0,0.36491835,0.37229264,0.3152814,0.28756404
Y,0.44518185,0.31079888,0.43475568,0.24256796,0.36403978,0.24241501,0.47495985,0.2852196,0.3101166,0.24195099,0.32248223,0.40099877,0.33478856,0.33451408,0.24343657,0.36491835,0.0,0.43101388,0.37933594,0.35421157
F,0.45162416,0.31880158,0.44131905,0.25136298,0.37142426,0.25121176,0.4810564,0.29351932,0.31812727,0.25075316,0.33034927,0.40795416,0.34251273,0.3422414,0.25222147,0.37229264,0.43101388,0.0,0.38654286,0.3617102
W,0.40181816,0.25693202,0.39057708,0.18336833,0.31433415,0.1832034,0.43392354,0.22935349,0.25619644,0.18270314,0.2695285,0.35418183,0.28279668,0.2825008,0.18430477,0.3152814,0.37933594,0.38654286,0.0,0.30373776
C,0.37760383,0.22685272,0.36590773,0.15031117,0.28657848,0.15013957,0.41100883,0.19815785,0.22608739,0.14961904,0.23995912,0.32803917,0.2537644,0.25345653,0.15128553,0.28756404,0.35421157,0.3617102,0.30373776,0.0
