,R,K,E,D,Q,N,H,S,T,A,V,I,L,M,P,G,Y,F,W,C
R,0.0,0.5049485,0.42411232,0.42789817,0.27926856,0.2790984,0.30141765,0.29658097,0.2987578,0.2794329,0.2927943,0.3417346,0.35260952,0.3630342,0.52253854,0.37029725,0.29979998,0.32054436,0.32011992,0.31435293
K,0.5049485,0.0,0.45161563,0.45522064,0.31368935,0.31352735,0.33478063,0.33017498,0.3322478,0.31384587,0.32656908,0.3731721,0.3835277,0.3934545,0.54534125,0.40037072,0.3332402,0.3529939,0.35258973,0.3470981
E,0.42411232,0.45161563,0.0,0.36626452,0.20162278,0.20143431,0.22615808,0.22080034,0.22321165,0.20180488,0.21660566,0.2708184,0.28286493,0.29441267,0.47110075,0.30245817,0.22436607,0.24734533,0.24687517,0.24048686
D,0.42789817,0.45522064,0.36626452,0.0,0.20687127,0.20668405,0.23124522,0.2259227,0.22831821,0.20705211,0.22175562,0.275612,0.2875793,0.2990511,0.47457767,0.3070438,0.22946507,0.25229323,0.25182617,0.24547982
Q,0.27926856,0.31368935,0.20162278,0.20687127,0.0,0.0005840063,0.03152609,0.024820805,0.027838588,0.0010477304,0.019571126,0.08741909,0.10249549,0.11694765,0.33807522,0.12701678,0.029283404,0.05804223,0.05745381,0.049458742
N,0.2790984,0.31352735,0.20143431,0.20668405,0.0005840063,0.0,0.031297445,0.024590611,0.02760911,0.00081187487,0.01933968,0.08720368,0.10228366,0.11673921,0.337919,0.12681067,0.029054284,0.057819903,0.057231307,0.04923439
H,0.30141765,0.33478063,0.22615808,0.23124522,0.03152609,0.031297445,0.0,0.054789424,0.057714462,0.031746924,0.049701095,0.11546397,0.13007706,0.14408511,0.3584171,0.15384477,0.059114933,0.08698994,0.08641958,0.07867026
S,0.29658097,0.33017498,0.22080034,0.2259227,0.024820805,0.024590611,0.054789424,0.0,0.051190555,0.02504319,0.043121636,0.10933989,0.124054134,0.1381591,0.35397506,0.14798635,0.052600622,0.08066869,0.0800944,0.072291374
T,0.2987578,0.3322478,0.22321165,0.22831821,0.027838588,0.02760911,0.057714462,0.051190555,0.0,0.028060257,0.046082795,0.11209613,0.12676483,0.14082617,0.35597426,0.15062302,0.055532455,0.08351362,0.082941115,0.07516223
A,0.2794329,0.31384587,0.20180488,0.20705211,0.0010477304,0.00081187487,0.031746924,0.02504319,0.028060257,0.0,0.019794703,0.08762717,0.102700174,0.117148995,0.33822614,0.1272158,0.029504776,0.058257043,0.057668746,0.049675524
V,0.2927943,0.32656908,0.21660566,0.22175562,0.019571126,0.01933968,0.049701095,0.043121636,0.046082795,0.019794703,0.0,0.104545176,0.11933869,0.13351959,0.35049736,0.14339972,0.04750049,0.075719655,0.075142264,0.06729722
I,0.3417346,0.3731721,0.2708184,0.275612,0.08741909,0.08720368,0.11546397,0.10933989,0.11209613,0.08762717,0.104545176,0.0,0.18028247,0.19348204,0.39544445,0.2026785,0.11341572,0.139682,0.1391446,0.13184243
L,0.35260952,0.3835277,0.28286493,0.2875793,0.10249549,0.10228366,0.13007706,0.124054134,0.12676483,0.102700174,0.11933869,0.18028247,0.0,0.20680624,0.4054321,0.21585071,0.12806267,0.15389502,0.15336645,0.14618498
M,0.3630342,0.3934545,0.29441267,0.2990511,0.11694765,0.11673921,0.14408511,0.1381591,0.14082617,0.117148995,0.13351959,0.19348204,0.20680624,0.0,0.41500616,0.22847754,0.14210308,0.16751945,0.16699946,0.15993357
P,0.52253854,0.54534125,0.47110075,0.47457767,0.33807522,0.337919,0.3584171,0.35397506,0.35597426,0.33822614,0.35049736,0.39544445,0.4054321,0.41500616,0.0,0.42167664,0.35693145,0.37598324,0.37559342,0.37029696
G,0.37029725,0.40037072,0.30245817,0.3070438,0.12701678,0.12681067,0.15384477,0.14798635,0.15062302,0.1272158,0.14339972,0.2026785,0.21585071,0.22847754,0.42167664,0.0,0.15188533,0.1770119,0.17649782,0.16951257
Y,0.29979998,0.3332402,0.22436607,0.22946507,0.029283404,0.029054284,0.059114933,0.052600622,0.055532455,0.029504776,0.04750049,0.11341572,0.12806267,0.14210308,0.35693145,0.15188533,0.0,0.0848757,0.084304035,0.076536775
F,0.32054436,0.3529939,0.24734533,0.25229323,0.05804223,0.057819903,0.08698994,0.08066869,0.08351362,0.058257043,0.075719655,0.139682,0.15389502,0.16751945,0.37598324,0.1770119,0.0848757,0.0,0.11143285,0.103895605
W,0.32011992,0.35258973,0.24687517,0.25182617,0.05745381,0.057231307,0.08641958,0.0800944,0.082941115,0.057668746,0.075142264,0.1391446,0.15336645,0.16699946,0.37559342,0.17649782,0.084304035,0.11143285,0.0,0.10333586
C,0.31435293,0.3470981,0.24048686,0.24547982,0.049458742,0.04923439,0.07867026,0.072291374,0.07516223,0.049675524,0.06729722,0.13184243,0.14618498,0.15993357,0.37029696,0.16951257,0.076536775,0.103895605,0.10333586,0.0
