,R,K,E,D,Q,N,H,S,T,A,V,I,L,M,P,G,Y,F,W,C
R,0.0,0.31233782,0.19914311,0.22668374,0.20254487,0.24378395,0.2049923,0.25585192,0.20634335,0.19431484,0.19736284,0.20023125,0.1959976,0.19436437,0.21969563,0.21091765,0.19467753,0.1943534,0.2208119,0.40817082
K,0.31233782,0.0,0.15195864,0.18112189,0.15556079,0.1992296,0.1581524,0.21200854,0.15958309,0.14684588,0.15007347,0.15311086,0.14862776,0.14689833,0.17372209,0.16442686,0.14722997,0.1468867,0.17490405,0.37330168
E,0.19914311,0.15195864,0.0,0.04632795,0.016559362,0.06741631,0.019577563,0.082298815,0.021243691,0.006409824,0.010168731,0.013706088,0.008485079,0.0064709783,0.03771007,0.026884854,0.0068571568,0.0064573884,0.03908664,0.27014214
D,0.22668374,0.18112189,0.04632795,0.0,0.05037886,0.09948689,0.05329323,0.11385763,0.054902077,0.040578365,0.04420799,0.047623694,0.042582214,0.040637374,0.07080221,0.060349226,0.04101032,0.04062426,0.072131455,0.29524118
Q,0.20254487,0.15556079,0.016559362,0.05037886,0.0,0.071377635,0.02374202,0.0861969,0.025401115,0.01063025,0.014373183,0.01789558,0.012696683,0.010691166,0.04179758,0.031018317,0.011075735,0.010677636,0.043168306,0.27324235
N,0.24378395,0.1992296,0.06741631,0.09948689,0.071377635,0.0,0.07422757,0.13345271,0.075800896,0.061793864,0.0653432,0.068683445,0.063753426,0.06185162,0.09134942,0.081127584,0.062216282,0.061838806,0.09264922,0.3108254
H,0.2049923,0.1581524,0.019577563,0.05329323,0.02374202,0.07422757,0.0,0.08900142,0.028392196,0.013666689,0.017398119,0.020909667,0.015726745,0.013727367,0.044738293,0.03399211,0.014110744,0.013713896,0.04610485,0.27547276
S,0.25585192,0.21200854,0.082298815,0.11385763,0.0861969,0.13345271,0.08900142,0.0,0.09054959,0.07676607,0.08025879,0.083545744,0.0786944,0.07682288,0.10584998,0.09579128,0.07718176,0.0768103,0.1071291,0.32182348
T,0.20634335,0.15958309,0.021243691,0.054902077,0.025401115,0.075800896,0.028392196,0.09054959,0.0,0.015342891,0.019067943,0.02257353,0.01739943,0.01540345,0.046361744,0.035633802,0.015786171,0.0153900385,0.047725916,0.27670407
A,0.19431484,0.14684588,0.006409824,0.040578365,0.01063025,0.061793864,0.013666689,0.07676607,0.015342891,0.0,0.004201114,0.0077598095,0.002507329,0.0004810691,0.031908512,0.021018028,0.00086963177,0.00046741962,0.033293426,0.26574188
V,0.19736284,0.15007347,0.010168731,0.04420799,0.014373183,0.0653432,0.017398119,0.08025879,0.019067943,0.004201114,0.0,0.011513591,0.0062809587,0.0042623878,0.03557092,0.024721622,0.0046494603,0.004248798,0.03695059,0.2685197
I,0.20023125,0.15311086,0.013706088,0.047623694,0.01789558,0.068683445,0.020909667,0.083545744,0.02257353,0.0077598095,0.011513591,0.0,0.009832263,0.007820904,0.039017558,0.028207004,0.008206546,0.0078073144,0.04039228,0.27113378
L,0.1959976,0.14862776,0.008485079,0.042582214,0.012696683,0.063753426,0.015726745,0.0786944,0.01739943,0.002507329,0.0062809587,0.009832263,0.0,0.0025687218,0.03393054,0.023062766,0.00295645,0.0025550723,0.035312474,0.2672755
M,0.19436437,0.14689833,0.0064709783,0.040637374,0.010691166,0.06185162,0.013727367,0.07682288,0.01540345,0.0004810691,0.0042623878,0.007820904,0.0025687218,0.0,0.031968117,0.021078229,0.00093108416,0.0005289316,0.033352852,0.26578707
P,0.21969563,0.17372209,0.03771007,0.07080221,0.04179758,0.09134942,0.044738293,0.10584998,0.046361744,0.031908512,0.03557092,0.039017558,0.03393054,0.031968117,0.0,0.051858068,0.0323444,0.031954885,0.06374675,0.2888726
G,0.21091765,0.16442686,0.026884854,0.060349226,0.031018317,0.081127584,0.03399211,0.09579128,0.035633802,0.021018028,0.024721622,0.028207004,0.023062766,0.021078229,0.051858068,0.0,0.021458805,0.021064878,0.05321443,0.28087282
Y,0.19467753,0.14722997,0.0068571568,0.04101032,0.011075735,0.062216282,0.014110744,0.07718176,0.015786171,0.00086963177,0.0046494603,0.008206546,0.00295645,0.00093108416,0.0323444,0.021458805,0.0,0.0009174347,0.03372866,0.26607245
F,0.1943534,0.1468867,0.0064573884,0.04062426,0.010677636,0.061838806,0.013713896,0.0768103,0.0153900385,0.00046741962,0.004248798,0.0078073144,0.0025550723,0.0005289316,0.031954885,0.021064878,0.0009174347,0.0,0.03333968,0.26577705
W,0.2208119,0.17490405,0.03908664,0.072131455,0.043168306,0.09264922,0.04610485,0.1071291,0.047725916,0.033293426,0.03695059,0.04039228,0.035312474,0.033352852,0.06374675,0.05321443,0.03372866,0.03333968,0.0,0.28988987
C,0.40817082,0.37330168,0.27014214,0.29524118,0.27324235,0.3108254,0.27547276,0.32182348,0.27670407,0.26574188,0.2685197,0.27113378,0.2672755,0.26578707,0.2888726,0.28087282,0.26607245,0.26577705,0.28988987,0.0
