,R,K,E,D,Q,N,H,S,T,A,V,I,L,M,P,G,Y,F,W,C
R,0.0,0.5048511,0.54205215,0.55181545,0.37343997,0.5089148,0.45604885,0.40224516,0.5379484,0.47639024,0.37453008,0.47736055,0.4649546,0.457335,0.51283324,0.47942567,0.41713434,0.4069094,0.42894912,0.46945095
K,0.5048511,0.0,0.42310578,0.43540502,0.21069866,0.38136154,0.3147642,0.24698567,0.4179362,0.340389,0.21207196,0.3416114,0.32598317,0.31638443,0.3862977,0.3442129,0.26574218,0.25286138,0.2806257,0.33164734
E,0.54205215,0.42310578,0.0,0.47782356,0.26999968,0.42784047,0.36624664,0.30356038,0.46166724,0.38994622,0.27126974,0.39107674,0.37662274,0.36774516,0.43240577,0.3934828,0.32090765,0.30899465,0.334673,0.38186133
D,0.55181545,0.43540502,0.47782356,0.0,0.28556305,0.44003874,0.37975812,0.3184083,0.47314435,0.40295243,0.2868061,0.4040588,0.38991296,0.38122463,0.4445067,0.40641356,0.33538574,0.32372665,0.34885758,0.39503986
Q,0.37343997,0.21069866,0.26999968,0.28556305,0.0,0.21717662,0.13290453,0.047137797,0.26345813,0.16533011,0.0029580593,0.16687685,0.14710099,0.13495475,0.22342283,0.17016882,0.07087219,0.05457288,0.089705765,0.15426844
N,0.5089148,0.38136154,0.42784047,0.44003874,0.21717662,0.0,0.32038808,0.25316584,0.42271334,0.34580255,0.21853858,0.3470149,0.33151495,0.32199496,0.39133447,0.349595,0.27176833,0.25899327,0.28652972,0.33713263
H,0.45604885,0.3147642,0.36624664,0.37975812,0.13290453,0.32038808,0.0,0.17276806,0.36056757,0.27537727,0.13441318,0.2767201,0.25955158,0.24900675,0.32581073,0.27957797,0.19337314,0.17922282,0.20972365,0.265774
S,0.40224516,0.24698567,0.30356038,0.3184083,0.047137797,0.25316584,0.17276806,0.0,0.2973196,0.20370287,0.04879564,0.20517856,0.18631184,0.17472398,0.25912488,0.20831913,0.11358756,0.09803754,0.13155526,0.19314975
T,0.5379484,0.4179362,0.46166724,0.47314435,0.26345813,0.42271334,0.36056757,0.2973196,0.0,0.38447952,0.26473957,0.38562018,0.3710366,0.3620795,0.42731953,0.38804775,0.31482232,0.3028025,0.32871097,0.37632215
A,0.47639024,0.340389,0.38994622,0.40295243,0.16533011,0.34580255,0.27537727,0.20370287,0.38447952,0.0,0.16678232,0.30376762,0.2872411,0.2770906,0.35102248,0.3065186,0.22353745,0.2099163,0.23927647,0.29323083
V,0.37453008,0.21207196,0.27126974,0.2868061,0.0029580593,0.21853858,0.13441318,0.04879564,0.26473957,0.16678232,0.0,0.16832638,0.1485849,0.13645983,0.22477394,0.17161256,0.072488725,0.05621779,0.09128952,0.15573984
I,0.47736055,0.3416114,0.39107674,0.4040588,0.16687685,0.3470149,0.2767201,0.20517856,0.38562018,0.30376762,0.16832638,0.0,0.28856194,0.27843028,0.35222512,0.30780375,0.22497636,0.21138042,0.24068624,0.29454058
L,0.4649546,0.32598317,0.37662274,0.38991296,0.14710099,0.33151495,0.25955158,0.18631184,0.3710366,0.2872411,0.1485849,0.28856194,0.0,0.26130235,0.33684886,0.291373,0.20657957,0.19266093,0.22266233,0.27779502
M,0.457335,0.31638443,0.36774516,0.38122463,0.13495475,0.32199496,0.24900675,0.17472398,0.3620795,0.2770906,0.13645983,0.27843028,0.26130235,0.0,0.32740486,0.2812814,0.19528043,0.18116355,0.2115922,0.26751006
P,0.51283324,0.3862977,0.43240577,0.4445067,0.22342283,0.39133447,0.32581073,0.25912488,0.42731953,0.35102248,0.22477394,0.35222512,0.33684886,0.32740486,0.0,0.35478467,0.27757895,0.2649058,0.29222256,0.3424217
G,0.47942567,0.3442129,0.3934828,0.40641356,0.17016882,0.349595,0.27957797,0.20831913,0.38804775,0.3065186,0.17161256,0.30780375,0.291373,0.2812814,0.35478467,0.0,0.22803873,0.2144965,0.2436865,0.29732805
Y,0.41713434,0.26574218,0.32090765,0.33538574,0.07087219,0.27176833,0.19337314,0.11358756,0.31482232,0.22353745,0.072488725,0.22497636,0.20657957,0.19528043,0.27757895,0.22803873,0.0,0.12050408,0.15318692,0.21324718
F,0.4069094,0.25286138,0.30899465,0.32372665,0.05457288,0.25899327,0.17922282,0.09803754,0.3028025,0.2099163,0.05621779,0.21138042,0.19266093,0.18116355,0.2649058,0.2144965,0.12050408,0.0,0.13833165,0.19944549
W,0.42894912,0.2806257,0.334673,0.34885758,0.089705765,0.28652972,0.20972365,0.13155526,0.32871097,0.23927647,0.09128952,0.24068624,0.22266233,0.2115922,0.29222256,0.2436865,0.15318692,0.13833165,0.0,0.22919476
C,0.46945095,0.33164734,0.38186133,0.39503986,0.15426844,0.33713263,0.265774,0.19314975,0.37632215,0.29323083,0.15573984,0.29454058,0.27779502,0.26751006,0.3424217,0.29732805,0.21324718,0.19944549,0.22919476,0.0
