,R,K,E,D,Q,N,H,S,T,A,V,I,L,M,P,G,Y,F,W,C
R,-1.1920929e-07,0.064410806,0.021899998,0.04035455,0.02769667,0.028312922,0.020782769,0.023834586,0.02506262,0.029885054,0.07690096,0.022079587,0.018838406,0.032433867,0.008552015,0.4146737,0.013814211,0.017862678,0.056257486,0.042243183
K,0.064410806,0.0,0.109784424,0.11719686,0.06930554,0.04967487,0.114944994,0.13412535,0.09186095,0.11249435,0.06170976,0.11906326,0.09809822,0.0152698755,0.085956275,0.42644262,0.06064713,0.12405652,0.11581606,0.19060236
E,0.021899998,0.109784424,5.9604645e-08,0.0059892535,0.018663049,0.023125052,0.023494184,0.01636082,0.020096183,0.03568977,0.114711225,0.03772849,0.0044106245,0.053659856,0.004059911,0.39467424,0.014033079,0.0058912635,0.03797984,0.024797022
D,0.04035455,0.11719686,0.0059892535,0.0,0.021463513,0.029248357,0.034216464,0.036250472,0.040588617,0.06050092,0.13986659,0.06923622,0.0076311827,0.058978677,0.014195085,0.4269206,0.025466383,0.022060692,0.05843848,0.04032147
Q,0.02769667,0.06930554,0.018663049,0.021463513,0.0,0.022411287,0.025630236,0.048355103,0.035960913,0.06463933,0.059659123,0.042722583,0.014981389,0.0296731,0.016367137,0.35311794,0.006785691,0.029011369,0.058775544,0.062726915
N,0.028312922,0.04967487,0.023125052,0.029248357,0.022411287,0.0,0.06380552,0.050696373,0.014619172,0.05264169,0.08577037,0.05390197,0.022645593,0.02524066,0.018149436,0.39649785,0.009940743,0.036356747,0.02950275,0.08707929
H,0.020782769,0.114944994,0.023494184,0.034216464,0.025630236,0.06380552,0.0,0.025155544,0.058848023,0.045322657,0.09070301,0.0377236,0.023500264,0.0572145,0.020384252,0.37821835,0.03115344,0.019385457,0.08783209,0.02086234
S,0.023834586,0.13412535,0.01636082,0.036250472,0.048355103,0.050696373,0.025155544,1.7881393e-07,0.027741373,0.008318424,0.115342796,0.032432735,0.03097397,0.06997198,0.019323349,0.34261853,0.035277963,0.006651044,0.035178185,0.011923552
T,0.02506262,0.09186089,0.020096242,0.040588617,0.035960853,0.014619112,0.058848023,0.027741432,5.9604645e-08,0.031407475,0.0917207,0.023079455,0.02681464,0.055110574,0.016359746,0.36233896,0.013752162,0.017483115,0.012127161,0.059162676
A,0.029885054,0.11249435,0.03568977,0.06050092,0.06463933,0.05264169,0.045322657,0.008318424,0.031407475,0.0,0.10123378,0.044130623,0.054590702,0.058786213,0.035320997,0.3104127,0.045395136,0.023000717,0.028973281,0.037669003
V,0.07690084,0.06170976,0.114711225,0.13986659,0.059659183,0.08577037,0.09070307,0.115342855,0.0917207,0.10123378,0.0,0.07276088,0.11608225,0.05007255,0.09826237,0.22526765,0.06030208,0.10783589,0.101769805,0.15887529
I,0.022079587,0.11906326,0.03772849,0.06923622,0.042722583,0.05390197,0.0377236,0.032432735,0.023079455,0.044130623,0.07276088,5.9604645e-08,0.039250314,0.07911694,0.026354074,0.35300148,0.024469316,0.02019775,0.05152327,0.046562314
L,0.018838406,0.09809822,0.0044106245,0.0076311827,0.014981389,0.022645593,0.023500264,0.03097397,0.0268147,0.054590702,0.11608219,0.039250314,0.0,0.05119568,0.0029965043,0.44570482,0.011889517,0.013139427,0.05747837,0.035739183
M,0.032433867,0.0152698755,0.053659856,0.058978677,0.0296731,0.02524066,0.0572145,0.06997198,0.055110574,0.058786213,0.05007255,0.07911694,0.05119568,5.9604645e-08,0.042001724,0.3629411,0.02775228,0.065106034,0.06992698,0.111543775
P,0.008552015,0.085956275,0.004059911,0.014195085,0.016367137,0.018149436,0.020384252,0.019323349,0.016359687,0.035320997,0.09826237,0.026354074,0.0029965043,0.042001724,0.0,0.41686928,0.0075335503,0.007239461,0.043121994,0.031149864
G,0.4146737,0.42644262,0.39467424,0.4269206,0.35311794,0.39649785,0.37821835,0.34261853,0.36233896,0.3104127,0.22526765,0.35300148,0.44570482,0.3629411,0.41686928,5.9604645e-08,0.36699015,0.37161505,0.28442633,0.3930015
Y,0.013814211,0.06064713,0.014033079,0.025466383,0.006785691,0.009940743,0.03115344,0.035277963,0.013752162,0.045395136,0.06030208,0.024469316,0.011889517,0.02775228,0.0075335503,0.36699015,5.9604645e-08,0.018868804,0.036868155,0.057994187
F,0.017862678,0.12405652,0.0058912635,0.022060692,0.029011369,0.036356747,0.019385457,0.006651044,0.017483056,0.023000717,0.10783589,0.02019775,0.013139427,0.065106034,0.007239461,0.37161505,0.018868804,0.0,0.03549087,0.014385521
W,0.056257486,0.11581606,0.03797984,0.05843848,0.058775544,0.02950275,0.08783209,0.035178185,0.012127161,0.028973281,0.101769805,0.05152327,0.05747837,0.06992698,0.043121994,0.28442633,0.036868155,0.03549087,0.0,0.07745135
C,0.042243183,0.19060236,0.024797022,0.04032147,0.062726915,0.08707929,0.02086234,0.011923552,0.059162676,0.037669003,0.15887529,0.046562314,0.035739183,0.111543775,0.031149864,0.3930015,0.057994187,0.014385521,0.07745135,0.0
