,R,K,E,D,Q,N,H,S,T,A,V,I,L,M,P,G,Y,F,W,C
R,-1.1920929e-07,0.04065633,0.0981797,0.21356672,0.0949257,0.42308563,0.06896353,0.1298176,0.14410585,0.039772153,0.14960659,0.048153043,0.057857573,0.084367454,0.020269394,0.11453235,0.059601903,0.07126117,0.018747807,0.21325487
K,0.04065633,0.0,0.017167449,0.09280813,0.021996677,0.41765517,0.008323967,0.04211718,0.045003414,0.022165537,0.0736925,0.015239477,0.004455805,0.0101310015,0.023176849,0.04706931,0.0139091015,0.02527064,0.021378636,0.16004097
E,0.0981797,0.017167449,0.0,0.03761685,0.010726988,0.46357405,0.014076233,0.013612568,0.011162937,0.06336415,0.038025558,0.03097123,0.022279441,0.002837181,0.05182308,0.023254931,0.016552627,0.019823253,0.054130256,0.11634028
D,0.21356672,0.09280813,0.03761685,0.0,0.054693103,0.5293663,0.07921988,0.012433946,0.01307261,0.1850875,0.019625604,0.09577209,0.1022374,0.051037192,0.13756663,0.026783288,0.06883919,0.05712259,0.13860214,0.07947028
Q,0.0949257,0.021996677,0.010726988,0.054693103,5.9604645e-08,0.38292432,0.03366804,0.023875237,0.016833901,0.05040562,0.038747787,0.014643788,0.022473514,0.009584665,0.036640525,0.020772815,0.005958438,0.0102187395,0.038748264,0.09558326
N,0.42308563,0.41765517,0.46357405,0.5293663,0.38292432,-1.1920929e-07,0.4883514,0.46845716,0.46950042,0.36110258,0.47619855,0.3279677,0.39810485,0.44409853,0.37508768,0.4310553,0.37442154,0.39103943,0.34875166,0.45155084
H,0.06896353,0.008323967,0.014076233,0.07921988,0.03366804,0.4883514,0.0,0.03958565,0.041737735,0.044292927,0.07916546,0.04037124,0.011775315,0.008609235,0.052874863,0.05729258,0.03168273,0.044187605,0.052937448,0.18557763
S,0.1298176,0.04211718,0.013612568,0.012433946,0.023875237,0.46845716,0.03958565,-1.1920929e-07,0.003515184,0.11339527,0.010950804,0.044145763,0.052206933,0.020045936,0.07333356,0.0074627995,0.026782691,0.021059632,0.07275897,0.07439685
T,0.14410579,0.045003355,0.011162877,0.01307261,0.016833842,0.46950042,0.041737795,0.0035151243,0.0,0.108819366,0.014888525,0.04684353,0.04983914,0.01718551,0.07816428,0.011183381,0.026840806,0.023032308,0.08028251,0.07858896
A,0.039772153,0.022165537,0.06336415,0.1850875,0.05040562,0.36110258,0.044292927,0.11339527,0.108819366,0.0,0.15235752,0.03177899,0.016853988,0.047696173,0.031845868,0.11064398,0.04211533,0.06401539,0.030117154,0.23690403
V,0.14960659,0.0736925,0.038025558,0.019625604,0.038747847,0.47619843,0.07916546,0.010950923,0.014888525,0.15235752,5.9604645e-08,0.05867207,0.09069306,0.047492445,0.080159664,0.004284203,0.037514567,0.0235793,0.083366096,0.031152248
I,0.048153043,0.015239477,0.03097123,0.09577209,0.014643788,0.3279677,0.04037124,0.044145763,0.04684353,0.03177899,0.05867207,5.9604645e-08,0.020686328,0.024377942,0.012384832,0.032461226,0.004283309,0.01062727,0.009045482,0.109044254
L,0.057857573,0.004455805,0.022279441,0.1022374,0.022473514,0.39810485,0.011775315,0.052206933,0.04983914,0.016853988,0.090693,0.020686328,0.0,0.011713266,0.036737323,0.06156087,0.020925581,0.03736204,0.03379023,0.18670207
M,0.084367454,0.0101310015,0.002837181,0.051037192,0.009584665,0.44409853,0.008609235,0.020045936,0.01718551,0.047696173,0.047492445,0.024377942,0.011713266,-1.1920929e-07,0.044157624,0.029660463,0.013417423,0.021516383,0.045607746,0.1318658
P,0.020269394,0.023176849,0.05182308,0.13756663,0.036640525,0.37508768,0.052874863,0.07333356,0.07816428,0.031845868,0.080159664,0.012384832,0.036737323,0.044157624,0.0,0.05269301,0.015723705,0.02117312,0.001957655,0.12169218
G,0.11453235,0.04706931,0.023254931,0.026783288,0.020772815,0.4310553,0.05729258,0.0074627995,0.011183381,0.11064398,0.0042841434,0.032461226,0.06156087,0.029660463,0.05269301,0.0,0.017787278,0.008774757,0.054021955,0.04117626
Y,0.059601903,0.0139091015,0.016552627,0.06883919,0.005958438,0.37442154,0.03168273,0.026782691,0.026840806,0.04211533,0.037514567,0.004283309,0.020925581,0.013417423,0.015723705,0.017787278,0.0,0.0033768415,0.016394198,0.088834226
F,0.07126117,0.02527064,0.019823253,0.05712259,0.0102187395,0.39103943,0.044187605,0.021059632,0.023032308,0.06401539,0.0235793,0.01062727,0.03736204,0.021516383,0.02117312,0.008774757,0.0033768415,5.9604645e-08,0.022607744,0.06274712
W,0.018747807,0.021378636,0.054130256,0.13860214,0.038748264,0.34875166,0.052937448,0.07275897,0.08028251,0.030117154,0.083366096,0.009045482,0.03379023,0.045607746,0.001957655,0.054021955,0.016394198,0.022607744,0.0,0.12837929
C,0.21325487,0.16004097,0.11634028,0.07947028,0.09558326,0.45155084,0.18557763,0.07439685,0.07858896,0.23690403,0.031152248,0.109044254,0.18670207,0.1318658,0.12169218,0.04117626,0.088834226,0.06274712,0.12837929,0.0
