,R,K,E,D,Q,N,H,S,T,A,V,I,L,M,P,G,Y,F,W,C
R,0.0,0.12255794,0.026223361,0.027462661,0.03028816,0.026042223,0.026176214,0.12524837,0.082249284,0.08006865,0.074940145,0.026125968,0.025892377,0.0393306,0.3157065,0.07243717,0.026009083,0.056735277,0.03606856,0.13551462
K,0.12255794,0.0,0.100955844,0.102100015,0.10470873,0.10078859,0.10091233,0.1923812,0.15268207,0.1506688,0.14593387,0.1008659,0.10065025,0.113057196,0.36822265,0.143623,0.100758016,0.12912613,0.11004549,0.20185953
E,0.026223361,0.100955844,0.0,0.0035193563,0.0064144135,0.00206393,0.0022012591,0.1037125,0.059654832,0.057420492,0.052165687,0.0021497607,0.0019103885,0.015679479,0.2988596,0.049601138,0.002030015,0.033512652,0.012337148,0.11423147
D,0.027462661,0.102100015,0.0035193563,0.0,0.007678926,0.0033339858,0.003471136,0.10485315,0.060851574,0.058620095,0.053371966,0.0034196973,0.003180623,0.01693219,0.29975194,0.050810695,0.0033001304,0.034742653,0.013594151,0.11535877
Q,0.03028816,0.10470873,0.0064144135,0.007678926,0.0,0.006229639,0.0063663125,0.10745382,0.063580096,0.061355054,0.056122243,0.0063150525,0.0060766935,0.019788325,0.30178636,0.053568363,0.006195843,0.037547052,0.016459942,0.11792892
N,0.026042223,0.10078859,0.00206393,0.0033339858,0.006229639,0.0,0.0020156503,0.103545785,0.059479892,0.057245195,0.051989377,0.0019641519,0.0017247796,0.015496373,0.29872918,0.04942435,0.0018444061,0.033332884,0.012153447,0.11406672
H,0.026176214,0.10091233,0.0022012591,0.003471136,0.0063663125,0.0020156503,0.0,0.10366911,0.059609294,0.057374895,0.05211985,0.0021014214,0.0018621087,0.015631855,0.29882568,0.049555123,0.0019817352,0.033465862,0.012289345,0.11418861
S,0.12524837,0.1923812,0.1037125,0.10485315,0.10745382,0.103545785,0.10366911,0.0,0.15528011,0.15327305,0.1485526,0.103622854,0.10340786,0.11577672,0.3701598,0.14624882,0.10351533,0.13179642,0.11277431,0.20430678
T,0.082249284,0.15268207,0.059654832,0.060851574,0.063580096,0.059479892,0.059609294,0.15528011,0.0,0.11165154,0.10669905,0.059560776,0.059335172,0.07231206,0.33919954,0.10428202,0.059447944,0.089119196,0.06916207,0.16519392
A,0.08006865,0.1506688,0.057420492,0.058620095,0.061355054,0.057245195,0.057374895,0.15327305,0.11165154,0.0,0.10457653,0.057326198,0.057100117,0.07010782,0.33762944,0.10215378,0.057213128,0.08695489,0.06695032,0.16321033
V,0.074940145,0.14593387,0.052165687,0.053371966,0.056122243,0.051989377,0.05211985,0.1485526,0.10669905,0.10457653,0.0,0.052070916,0.051843524,0.06492376,0.33393675,0.09714836,0.05195719,0.081864774,0.061748683,0.15854532
I,0.026125968,0.1008659,0.0021497607,0.0034196973,0.0063150525,0.0019641519,0.0021014214,0.103622854,0.059560776,0.057326198,0.052070916,0.0,0.0018105507,0.015581012,0.2987895,0.04950607,0.0019301772,0.033415973,0.012238383,0.114142895
L,0.025892377,0.10065025,0.0019103885,0.003180623,0.0060766935,0.0017247796,0.0018621087,0.10340786,0.059335172,0.057100117,0.051843524,0.0018105507,0.0,0.015344918,0.2986213,0.04927808,0.001690805,0.03318411,0.012001455,0.113930404
M,0.0393306,0.113057196,0.015679479,0.01693219,0.019788325,0.015496373,0.015631855,0.11577672,0.07231206,0.07010782,0.06492376,0.015581012,0.015344918,0.0,0.3082971,0.062393725,0.015462935,0.046521783,0.025631309,0.12615412
P,0.3157065,0.36822265,0.2988596,0.29975194,0.30178636,0.29872918,0.29882568,0.3701598,0.33919954,0.33762944,0.33393675,0.2987895,0.2986213,0.3082971,0.0,0.33213454,0.29870534,0.32082886,0.30594838,0.37755167
G,0.07243717,0.143623,0.049601138,0.050810695,0.053568363,0.04942435,0.049555123,0.14624882,0.10428202,0.10215378,0.09714836,0.04950607,0.04927808,0.062393725,0.33213454,0.0,0.049392045,0.07938051,0.059210002,0.1562686
Y,0.026009083,0.100758016,0.002030015,0.0033001304,0.006195843,0.0018444061,0.0019817352,0.10351533,0.059447944,0.057213128,0.05195719,0.0019301772,0.001690805,0.015462935,0.29870534,0.049392045,0.0,0.033299983,0.01211983,0.11403662
F,0.056735277,0.12912613,0.033512652,0.034742653,0.037547052,0.033332884,0.033465862,0.13179642,0.089119196,0.08695489,0.081864774,0.033415973,0.03318411,0.046521783,0.32082886,0.07938051,0.033299983,0.0,0.043284178,0.14198577
W,0.03606856,0.11004549,0.012337148,0.013594151,0.016459942,0.012153447,0.012289345,0.11277431,0.06916207,0.06695032,0.061748683,0.012238383,0.012001455,0.025631309,0.30594838,0.059210002,0.01211983,0.043284178,0.0,0.123186946
C,0.13551462,0.20185953,0.11423147,0.11535877,0.11792892,0.11406672,0.11418861,0.20430678,0.16519392,0.16321033,0.15854532,0.114142895,0.113930404,0.12615412,0.37755167,0.1562686,0.11403662,0.14198577,0.123186946,0.0
