,R,K,E,D,Q,N,H,S,T,A,V,I,L,M,P,G,Y,F,W,C
R,0.0,0.5093807,0.45137256,0.38136774,0.36483818,0.41446036,0.41867012,0.39230973,0.39933866,0.3559692,0.42694175,0.42219877,0.34561956,0.3390354,0.33899492,0.3390801,0.56040657,0.5136657,0.64232004,0.38340807
K,0.5093807,0.0,0.3842941,0.30573004,0.28717947,0.34286875,0.34759325,0.31800985,0.32589817,0.2772261,0.3568762,0.35155332,0.2656111,0.25822186,0.25817645,0.25827205,0.50665927,0.45420355,0.598588,0.30801988
E,0.45137256,0.3842941,0.0,0.22364336,0.20289952,0.2651732,0.2704563,0.23737514,0.24619609,0.19176936,0.28083682,0.27488458,0.17878103,0.17051816,0.17046732,0.17057425,0.44832933,0.38967162,0.55112725,0.22620398
D,0.38136774,0.30573004,0.22364336,0.0,0.101189494,0.17140931,0.17736655,0.14006424,0.15001076,0.08863908,0.1890716,0.18235987,0.073993504,0.064676285,0.064619005,0.064739525,0.37793618,0.31179374,0.49385107,0.12746757
Q,0.36483818,0.28717947,0.20289952,0.101189494,0.0,0.14926976,0.15538621,0.117087185,0.12729943,0.06428802,0.167404,0.16051292,0.04925108,0.03968489,0.039626062,0.0397498,0.36131495,0.29340518,0.48032707,0.10415393
N,0.41446036,0.34286875,0.2651732,0.17140931,0.14926976,0.0,0.22137183,0.18606496,0.1954794,0.13739073,0.23245078,0.22609806,0.12352854,0.114709735,0.114655495,0.11476958,0.41121238,0.34860808,0.5209266,0.17414212
H,0.41867012,0.34759325,0.2704563,0.17736655,0.15538621,0.22137183,0.0,0.19191682,0.20126355,0.14359254,0.23796916,0.2316621,0.12983,0.12107462,0.121020794,0.12113404,0.4154455,0.35329133,0.52437097,0.18007976
S,0.39230973,0.31800985,0.23737514,0.14006424,0.117087185,0.18606496,0.19191682,0.0,0.16504484,0.10475874,0.20341486,0.19682181,0.090372145,0.08121973,0.081163466,0.08128184,0.3889389,0.32396632,0.50280356,0.14290047
T,0.39933866,0.32589817,0.24619609,0.15001076,0.12729943,0.1954794,0.20126355,0.16504484,0.0,0.115113616,0.2126286,0.20611185,0.10089344,0.09184688,0.09179127,0.091908276,0.39600676,0.33178574,0.50855446,0.15281415
A,0.3559692,0.2772261,0.19176936,0.08863908,0.06428802,0.13739073,0.14359254,0.10475874,0.115113616,0.0,0.15577817,0.1487909,0.035975397,0.026275635,0.02621603,0.026341498,0.3523968,0.28353876,0.47307068,0.09164494
V,0.42694175,0.3568762,0.28083682,0.1890716,0.167404,0.23245078,0.23796916,0.20341486,0.2126286,0.15577817,0.0,0.2425946,0.1422115,0.13358063,0.13352758,0.13363922,0.42376304,0.36249322,0.5311386,0.19174618
I,0.42219877,0.35155332,0.27488458,0.18235987,0.16051292,0.22609806,0.2316621,0.19682181,0.20611185,0.1487909,0.2425946,0.0,0.13511193,0.12640965,0.12635612,0.12646872,0.4189937,0.35721684,0.52725804,0.18505663
L,0.34561956,0.2656111,0.17878103,0.073993504,0.04925108,0.12352854,0.12983,0.090372145,0.10089344,0.035975397,0.1422115,0.13511193,0.0,0.010627866,0.010567248,0.010694742,0.34198976,0.27202517,0.4646029,0.077047646
M,0.3390354,0.25822186,0.17051816,0.064676285,0.03968489,0.114709735,0.12107462,0.08121973,0.09184688,0.026275635,0.13358063,0.12640965,0.010627866,0.0,0.0006118417,0.0007406473,0.335369,0.26470053,0.45921588,0.06776112
P,0.33899492,0.25817645,0.17046732,0.064619005,0.039626062,0.114655495,0.121020794,0.081163466,0.09179127,0.02621603,0.13352758,0.12635612,0.010567248,0.0006118417,0.0,0.00067943335,0.33532834,0.26465547,0.45918274,0.06770402
G,0.3390801,0.25827205,0.17057425,0.064739525,0.0397498,0.11476958,0.12113404,0.08128184,0.091908276,0.026341498,0.13363922,0.12646872,0.010694742,0.0007406473,0.00067943335,0.0,0.33541393,0.26475024,0.45925242,0.067824185
Y,0.56040657,0.50665927,0.44832933,0.37793618,0.36131495,0.41121238,0.4154455,0.3889389,0.39600676,0.3523968,0.42376304,0.4189937,0.34198976,0.335369,0.33532834,0.33541393,0.0,0.510968,0.64033604,0.37998784
F,0.5136657,0.45420355,0.38967162,0.31179374,0.29340518,0.34860808,0.35329133,0.32396632,0.33178574,0.28353876,0.36249322,0.35721684,0.27202517,0.26470053,0.26465547,0.26475024,0.510968,0.0,0.6020939,0.31406355
W,0.64232004,0.598588,0.55112725,0.49385107,0.48032707,0.5209266,0.52437097,0.50280356,0.50855446,0.47307068,0.5311386,0.52725804,0.4646029,0.45921588,0.45918274,0.45925242,0.64033604,0.6020939,0.0,0.49552047
C,0.38340807,0.30801988,0.22620398,0.12746757,0.10415393,0.17414212,0.18007976,0.14290047,0.15281415,0.09164494,0.19174618,0.18505663,0.077047646,0.06776112,0.06770402,0.067824185,0.37998784,0.31406355,0.49552047,0.0
