,R,K,E,D,Q,N,H,S,T,A,V,I,L,M,P,G,Y,F,W,C
R,0.0,0.5203236,0.44451421,0.43427283,0.33099777,0.34656924,0.36263454,0.33125085,0.35158098,0.3287102,0.32828778,0.32740283,0.34445173,0.32720727,0.37248784,0.32832825,0.35156274,0.3509695,0.38077998,0.33831203
K,0.5203236,0.0,0.411561,0.400712,0.29131037,0.3078056,0.32482392,0.29157847,0.31311464,0.28888708,0.28843963,0.28750217,0.30556244,0.28729504,0.33526176,0.2884825,0.31309533,0.31246686,0.34404582,0.2990585
E,0.44451421,0.411561,0.0,0.30599892,0.17930716,0.19840932,0.2181173,0.17961764,0.20455742,0.17650092,0.17598271,0.17489707,0.19581169,0.17465723,0.23020476,0.17603236,0.20453507,0.2038073,0.24037707,0.18827987
D,0.43427283,0.400712,0.30599892,0.0,0.16417617,0.18363047,0.2037018,0.16449231,0.18989193,0.16131812,0.16079038,0.15968478,0.18098497,0.15944046,0.21601212,0.16084093,0.18986917,0.18912798,0.226372,0.17331427
Q,0.33099777,0.29131037,0.17930716,0.16417617,0.0,0.03460002,0.058335423,0.011968136,0.042004526,0.008214474,0.007590413,0.0062829256,0.03147155,0.005994022,0.07289302,0.0076501966,0.041977584,0.041101098,0.0851441,0.022400558
N,0.34656924,0.3078056,0.19840932,0.18363047,0.03460002,0.0,0.08025324,0.034965217,0.064302504,0.031298935,0.030689359,0.02941233,0.054014623,0.02913016,0.09447199,0.030747771,0.06427616,0.06342006,0.10643792,0.04515481
H,0.36263454,0.32482392,0.2181173,0.2037018,0.058335423,0.08025324,0.0,0.05869168,0.08730763,0.05511552,0.054520905,0.053275287,0.07727271,0.053000093,0.1167354,0.054577887,0.08728194,0.08644694,0.12840712,0.068630695
S,0.33125085,0.29157847,0.17961764,0.16449231,0.011968136,0.034965217,0.05869168,0.0,0.04236698,0.008589685,0.007965803,0.006658852,0.03183794,0.0063700676,0.07324374,0.008025587,0.04233998,0.041463852,0.08549017,0.022770345
T,0.35158098,0.31311464,0.20455742,0.18989193,0.042004526,0.064302504,0.08730763,0.04236698,0.0,0.038728774,0.038123906,0.03685665,0.061270297,0.03657663,0.1014173,0.03818184,0.071453094,0.07060355,0.1132915,0.052478373
A,0.3287102,0.28888708,0.17650092,0.16131812,0.008214474,0.031298935,0.05511552,0.008589685,0.038728774,0.0,0.0041970015,0.0028850436,0.028159797,0.0025951862,0.06972289,0.0042569637,0.038701713,0.037822247,0.08201587,0.01905775
V,0.32828778,0.28843963,0.17598271,0.16079038,0.007590413,0.030689359,0.054520905,0.007965803,0.038123906,0.0041970015,0.0,0.0022575855,0.027548194,0.0019675493,0.069137454,0.0036303997,0.038096845,0.037216783,0.081438184,0.018440485
I,0.32740283,0.28750217,0.17489707,0.15968478,0.0062829256,0.02941233,0.053275287,0.006658852,0.03685665,0.0028850436,0.0022575855,0.0,0.026267052,0.00065267086,0.06791109,0.002317667,0.03682953,0.035948336,0.08022803,0.017147303
L,0.34445173,0.30556244,0.19581169,0.18098497,0.03147155,0.054014623,0.07727271,0.03183794,0.061270297,0.028159797,0.027548194,0.026267052,0.0,0.02598399,0.091537535,0.027606785,0.061243832,0.06038499,0.10354227,0.042060494
M,0.32720727,0.28729504,0.17465723,0.15944046,0.005994022,0.02913016,0.053000093,0.0063700676,0.03657663,0.0025951862,0.0019675493,0.00065267086,0.02598399,0.0,0.067640126,0.0020276308,0.03654951,0.035668075,0.079960644,0.016861558
P,0.37248784,0.33526176,0.23020476,0.21601212,0.07289302,0.09447199,0.1167354,0.07324374,0.1014173,0.06972289,0.069137454,0.06791109,0.091537535,0.067640126,0.0,0.06919354,0.10139203,0.100569904,0.14188147,0.08302915
G,0.32832825,0.2884825,0.17603236,0.16084093,0.0076501966,0.030747771,0.054577887,0.008025587,0.03818184,0.0042569637,0.0036303997,0.002317667,0.027606785,0.0020276308,0.06919354,0.0,0.03815478,0.037274778,0.08149356,0.018499613
Y,0.35156274,0.31309533,0.20453507,0.18986917,0.041977584,0.06427616,0.08728194,0.04233998,0.071453094,0.038701713,0.038096845,0.03682953,0.061243832,0.03654951,0.10139203,0.03815478,0.0,0.07057738,0.11326653,0.05245173
F,0.3509695,0.31246686,0.2038073,0.18912798,0.041101098,0.06342006,0.08644694,0.041463852,0.07060355,0.037822247,0.037216783,0.035948336,0.06038499,0.035668075,0.100569904,0.037274778,0.07057738,0.0,0.11245525,0.05158478
W,0.38077998,0.34404582,0.24037707,0.226372,0.0851441,0.10643792,0.12840712,0.08549017,0.1132915,0.08201587,0.081438184,0.08022803,0.10354227,0.079960644,0.14188147,0.08149356,0.11326653,0.11245525,0.0,0.09514624
C,0.33831203,0.2990585,0.18827987,0.17331427,0.022400558,0.04515481,0.068630695,0.022770345,0.052478373,0.01905775,0.018440485,0.017147303,0.042060494,0.016861558,0.08302915,0.018499613,0.05245173,0.05158478,0.09514624,0.0
