,R,K,E,D,Q,N,H,S,T,A,V,I,L,M,P,G,Y,F,W,C
R,0.0,0.07576698,0.5695389,0.5190505,0.181023,0.32193416,0.15667313,0.21159601,0.2757662,0.20230079,0.23994869,0.22570878,0.2055642,0.1797595,0.17953068,0.16177708,0.2519163,0.2148425,0.11938661,0.20226663
K,0.07576698,0.0,0.40854585,0.38230675,0.13257629,0.26049012,0.10174751,0.1926946,0.26723778,0.17853534,0.21235687,0.18546695,0.15332705,0.15766269,0.083856225,0.1373406,0.17908192,0.09582627,0.048436522,0.17660284
E,0.5695389,0.40854585,0.0,0.013713181,0.19991207,0.09307808,0.26352388,0.23135674,0.23079598,0.21829325,0.24033278,0.25104958,0.2368043,0.19919258,0.18161488,0.21379018,0.15373504,0.18871874,0.26738143,0.28881603
D,0.5190505,0.38230675,0.013713181,0.0,0.18379682,0.09244555,0.26465034,0.2115457,0.21781844,0.19578552,0.24924833,0.22459501,0.2073052,0.17212862,0.16986877,0.1992358,0.18091774,0.1976512,0.23775905,0.22999877
Q,0.181023,0.13257629,0.19991207,0.18379682,0.0,0.08216894,0.019371808,0.02193129,0.04890448,0.024413228,0.03188747,0.034630775,0.053563893,0.014146566,0.020206034,0.0045005083,0.05894333,0.036183357,0.029121697,0.052301586
N,0.32193416,0.26049012,0.09307808,0.09244555,0.08216894,-1.1920929e-07,0.13213664,0.07717401,0.062251568,0.08047277,0.08547205,0.09438479,0.15220582,0.07170737,0.108158946,0.08322275,0.061628282,0.090813875,0.14545476,0.1472112
H,0.15667313,0.10174751,0.26352388,0.26465034,0.019371808,0.13213664,-1.1920929e-07,0.04827386,0.09802705,0.04886663,0.04600072,0.07234311,0.0921548,0.041269004,0.026256561,0.02228719,0.047477126,0.02735275,0.035167277,0.11133385
S,0.21159601,0.1926946,0.23135674,0.2115457,0.02193129,0.07717401,0.04827386,0.0,0.030345142,0.0040535927,0.027270555,0.012377858,0.12674779,0.009703517,0.061543405,0.027836502,0.07668126,0.06621349,0.07658708,0.05450344
T,0.2757662,0.26723772,0.23079598,0.21781844,0.04890442,0.06225151,0.09802705,0.030345082,-1.1920929e-07,0.05111909,0.02775389,0.03296703,0.11392778,0.05368811,0.11629856,0.049374104,0.10994792,0.10694581,0.12171918,0.07058525
A,0.20230079,0.17853534,0.21829325,0.19578552,0.024413228,0.08047277,0.04886663,0.0040535927,0.05111909,0.0,0.039189756,0.018144608,0.13551635,0.0048931837,0.05049002,0.030082345,0.07251465,0.0648582,0.07319689,0.059322655
V,0.23994869,0.21235687,0.24033278,0.24924833,0.03188747,0.08547199,0.04600066,0.027270496,0.02775389,0.039189756,-1.1920929e-07,0.038953543,0.119978905,0.04590237,0.073679745,0.028091311,0.057367206,0.06469208,0.098851025,0.104032576
I,0.22570878,0.18546695,0.25104958,0.22459501,0.034630775,0.09438479,0.07234311,0.012377858,0.03296709,0.018144608,0.038953543,0.0,0.12644416,0.028125465,0.068695664,0.04635662,0.11627072,0.073521376,0.074413955,0.0322634
L,0.2055642,0.15332705,0.2368043,0.2073052,0.053563893,0.15220582,0.0921548,0.12674779,0.11392778,0.13551635,0.119978905,0.12644416,1.1920929e-07,0.100749016,0.07079446,0.053734183,0.15760094,0.11137074,0.049572647,0.0803383
M,0.1797595,0.15766269,0.19919258,0.17212862,0.014146566,0.07170737,0.041269004,0.009703517,0.05368811,0.0048931837,0.04590243,0.028125465,0.100749016,5.9604645e-08,0.03707081,0.01775235,0.06624001,0.059320092,0.053828955,0.052560627
P,0.17953068,0.083856225,0.18161488,0.16986877,0.020206034,0.108158946,0.026256561,0.061543405,0.11629856,0.05049002,0.073679686,0.068695664,0.07079446,0.03707081,0.0,0.028877378,0.059086084,0.021981537,0.01953286,0.08575386
G,0.16177708,0.1373406,0.21379018,0.1992358,0.0045005083,0.08322275,0.02228719,0.027836502,0.049374163,0.030082345,0.028091252,0.04635662,0.053734183,0.01775235,0.028877378,0.0,0.055252254,0.048514128,0.038352013,0.06589484
Y,0.2519163,0.17908192,0.15373504,0.18091774,0.05894333,0.061628282,0.047477126,0.07668126,0.10994792,0.07251465,0.057367206,0.11627072,0.15760094,0.06624001,0.059086084,0.055252254,-1.1920929e-07,0.038469434,0.10868579,0.19899738
F,0.2148425,0.09582627,0.18871874,0.1976512,0.036183357,0.090813875,0.02735275,0.06621349,0.10694587,0.0648582,0.06469208,0.073521376,0.11137074,0.059320092,0.021981537,0.048514128,0.038469434,1.1920929e-07,0.040940344,0.12518227
W,0.11938661,0.048436522,0.26738143,0.23775905,0.029121697,0.14545476,0.035167277,0.07658708,0.12171918,0.07319689,0.098851025,0.074413955,0.049572647,0.053828955,0.01953286,0.038352013,0.10868579,0.040940344,0.0,0.06133604
C,0.20226663,0.17660284,0.28881603,0.22999877,0.052301586,0.1472112,0.11133385,0.05450344,0.07058525,0.059322655,0.104032576,0.0322634,0.0803383,0.052560627,0.08575386,0.06589484,0.19899738,0.12518227,0.06133604,0.0
