,R,K,E,D,Q,N,H,S,T,A,V,I,L,M,P,G,Y,F,W,C
R,2.9802322e-07,0.12880665,0.50513494,0.4861073,0.49461365,0.50817025,0.33838505,0.30415308,0.5463129,0.40512145,0.41187167,0.37943536,0.43120146,0.50600576,0.57645416,0.5640757,0.28521514,0.32103652,0.2920342,0.08501309
K,0.12880665,0.0,0.38951594,0.3679188,0.3690207,0.32657796,0.21780175,0.14318317,0.39391398,0.24634135,0.2226587,0.23212141,0.29130644,0.37288386,0.48497868,0.5173085,0.2687238,0.14870107,0.1269986,0.23250759
E,0.50513494,0.38951594,-1.1920929e-07,0.01951623,0.10461247,0.1780302,0.2932496,0.12200761,0.13512385,0.1370132,0.14727622,0.19275892,0.103779495,0.11789876,0.32325017,0.16508722,0.4181159,0.2748084,0.4902404,0.45643592
D,0.4861073,0.3679188,0.01951623,5.9604645e-08,0.15052521,0.19923592,0.30697238,0.099859,0.18959248,0.14664692,0.17689043,0.23766357,0.166807,0.19125575,0.43513006,0.22288263,0.5073019,0.29945743,0.48985672,0.4927572
Q,0.49461365,0.3690207,0.10461247,0.15052521,0.0,0.056195974,0.13714343,0.131535,0.024501681,0.056394756,0.067273855,0.04529798,0.022093058,0.029358625,0.12693852,0.03885442,0.24098492,0.18227309,0.3834144,0.3598736
N,0.50817025,0.32657796,0.1780302,0.19923592,0.056195974,0.0,0.058455884,0.099680245,0.025987625,0.051186264,0.11158943,0.058043003,0.06893617,0.13456243,0.2632752,0.081003666,0.2803557,0.14197731,0.2802891,0.42221653
H,0.33838505,0.21780175,0.2932496,0.30697238,0.13714343,0.058455884,0.0,0.10156399,0.11381453,0.121877015,0.18892807,0.084325075,0.121658206,0.22535342,0.2874375,0.15282333,0.24748284,0.1737436,0.25300843,0.30928397
S,0.30415308,0.14318317,0.12200761,0.099859,0.131535,0.099680245,0.10156399,0.0,0.15150297,0.068404794,0.10707557,0.105760396,0.1177845,0.19548035,0.3741086,0.22443551,0.32927698,0.14154255,0.24524015,0.35577953
T,0.5463128,0.39391392,0.13512385,0.18959248,0.024501681,0.025987685,0.11381453,0.1515029,0.0,0.07435602,0.10452318,0.06207609,0.029465437,0.06386465,0.17422909,0.038087368,0.24579,0.16776258,0.35045892,0.39291817
A,0.40512145,0.24634135,0.1370132,0.14664692,0.056394756,0.051186264,0.121877015,0.068404794,0.07435602,0.0,0.031529486,0.03241688,0.07451522,0.10922885,0.26814914,0.1394028,0.2142281,0.07339138,0.20658219,0.36134452
V,0.4118716,0.2226587,0.14727622,0.17689043,0.067273855,0.11158943,0.18892807,0.10707551,0.10452318,0.031529486,0.0,0.03777355,0.06528437,0.06385666,0.19615215,0.1926701,0.17850322,0.065598905,0.20357692,0.338848
I,0.37943536,0.23212141,0.19275892,0.23766357,0.04529798,0.058043003,0.084325075,0.105760396,0.06207609,0.03241688,0.03777355,0.0,0.03951341,0.07265043,0.14651173,0.11733085,0.12689662,0.078558445,0.21063823,0.29378426
L,0.43120146,0.29130644,0.103779495,0.166807,0.022093058,0.06893617,0.121658206,0.1177845,0.029465556,0.07451522,0.06528437,0.03951341,0.0,0.024577618,0.11252791,0.07253474,0.18302655,0.1432085,0.3252647,0.30549014
M,0.50600576,0.37288386,0.11789876,0.19125575,0.029358625,0.13456243,0.22535342,0.19548035,0.06386465,0.10922885,0.06385666,0.07265043,0.024577618,0.0,0.07452631,0.09604311,0.2047612,0.18971682,0.3980754,0.33670455
P,0.57645416,0.48497868,0.32325017,0.43513006,0.12693852,0.2632752,0.2874375,0.3741086,0.17422909,0.26814914,0.19615221,0.14651173,0.11252791,0.07452631,0.0,0.1650474,0.20466197,0.33653146,0.5339488,0.36591023
G,0.5640757,0.5173085,0.16508722,0.22288263,0.03885442,0.081003666,0.15282333,0.22443551,0.038087368,0.1394028,0.19267017,0.11733085,0.07253474,0.09604311,0.1650474,0.0,0.30120152,0.29920274,0.5142528,0.39022398
Y,0.28521514,0.26872385,0.4181159,0.5073019,0.24098492,0.2803557,0.24748284,0.32927698,0.24579,0.2142281,0.17850322,0.12689662,0.18302655,0.2047612,0.20466197,0.30120152,0.0,0.117981255,0.1826179,0.15664494
F,0.32103652,0.14870107,0.2748084,0.29945743,0.18227309,0.14197731,0.1737436,0.14154255,0.16776258,0.07339138,0.065598905,0.078558445,0.1432085,0.18971682,0.33653146,0.29920274,0.117981255,5.9604645e-08,0.050145626,0.27867746
W,0.2920342,0.1269986,0.49024034,0.48985672,0.3834144,0.2802891,0.25300843,0.24524015,0.35045892,0.20658219,0.20357692,0.21063823,0.3252647,0.3980754,0.5339488,0.5142528,0.1826179,0.050145626,0.0,0.3117587
C,0.08501309,0.23250759,0.45643592,0.4927572,0.3598736,0.42221653,0.30928397,0.35577953,0.39291817,0.36134452,0.338848,0.29378426,0.30549014,0.33670455,0.36591023,0.39022398,0.15664494,0.27867746,0.3117587,0.0
