,R,K,E,D,Q,N,H,S,T,A,V,I,L,M,P,G,Y,F,W,C
R,0.0,0.031652868,0.013313293,0.023218691,0.029697597,0.050590456,0.028149843,0.15594703,0.14291346,0.10189712,0.1652925,0.042473376,0.010670245,0.07274377,0.36584884,0.142174,0.00522542,0.0060679913,0.020425022,0.26566398
K,0.031652868,0.0,0.07059997,0.077190995,0.046420038,0.038779676,0.07042128,0.16992885,0.17020267,0.17992139,0.16538149,0.11443877,0.06468421,0.14973187,0.43199253,0.19554359,0.031872332,0.04292077,0.016415417,0.24702698
E,0.013313293,0.07059997,0.0,0.009419322,0.02354598,0.055518925,0.012844086,0.13496846,0.101986885,0.057133257,0.12793887,0.028569221,0.004680276,0.0801422,0.3251146,0.10471171,0.019907176,0.011632383,0.05149287,0.23845834
D,0.023218691,0.077190995,0.009419322,0.0,0.037220836,0.073590875,0.01044184,0.18147641,0.11991274,0.07728946,0.12326735,0.04125458,0.016595364,0.12014824,0.39608526,0.1341871,0.04161954,0.021796346,0.07818353,0.28474998
Q,0.029697597,0.046420038,0.02354598,0.037220836,0.0,0.008733511,0.016171336,0.08544862,0.054485083,0.062674165,0.06618172,0.05730611,0.020218074,0.13111866,0.33604085,0.07901734,0.028168976,0.02278459,0.04221338,0.14531398
N,0.050590456,0.038779676,0.055518925,0.073590875,0.008733511,0.0,0.045321345,0.06784147,0.054569125,0.08722091,0.06300694,0.08536291,0.04914993,0.17281145,0.34961307,0.083687186,0.043895245,0.041092157,0.040625155,0.10926527
H,0.028149843,0.07042128,0.012844086,0.01044184,0.016171336,0.045321345,5.9604645e-08,0.1549179,0.08849293,0.07327855,0.08829796,0.055995822,0.012942433,0.12097961,0.38216454,0.11644983,0.038511813,0.026272237,0.07292265,0.23339844
S,0.15594703,0.16992885,0.13496846,0.18147641,0.08544862,0.06784147,0.1549179,5.9604645e-08,0.038136482,0.060052454,0.09801203,0.11053181,0.13522732,0.26086265,0.25390667,0.027250528,0.13778734,0.12021792,0.12964928,0.028093457
T,0.14291352,0.17020273,0.101986885,0.11991274,0.054485023,0.054569125,0.08849293,0.038136482,0.0,0.03387493,0.021573007,0.09707755,0.10360199,0.28168654,0.3319149,0.020696223,0.14184743,0.10597736,0.15937859,0.054020703
A,0.10189712,0.17992139,0.057133257,0.07728946,0.062674165,0.08722091,0.07327855,0.060052454,0.03387493,0.0,0.0857296,0.032547593,0.06268251,0.1952135,0.29790848,0.015669167,0.10785526,0.06774676,0.14322746,0.131504
V,0.16529256,0.16538149,0.12793887,0.12326735,0.06618166,0.06300694,0.08829802,0.09801203,0.021573007,0.0857296,5.9604645e-08,0.14840233,0.13228583,0.3463289,0.41222686,0.07730007,0.1729992,0.13369697,0.18900585,0.09389818
I,0.042473376,0.11443877,0.028569221,0.04125458,0.05730611,0.08536291,0.055995822,0.11053181,0.09707755,0.032547593,0.14840227,-1.1920929e-07,0.027802289,0.13297355,0.3722136,0.06301248,0.056252956,0.021208704,0.08538407,0.22241676
L,0.010670245,0.06468421,0.004680276,0.016595364,0.020218074,0.04914993,0.012942433,0.13522732,0.10360205,0.06268251,0.13228583,0.027802289,1.1920929e-07,0.07454848,0.34955943,0.10247427,0.015954792,0.008361876,0.04613948,0.235362
M,0.07274377,0.14973187,0.0801422,0.12014824,0.13111866,0.17281145,0.12097961,0.26086265,0.28168654,0.1952135,0.3463289,0.13297355,0.07454848,5.9604645e-08,0.26794612,0.2573812,0.056343317,0.097682595,0.08785653,0.3972547
P,0.36584884,0.43199253,0.3251146,0.39608526,0.33604085,0.34961307,0.38216454,0.25390667,0.3319149,0.29790848,0.41222686,0.3722136,0.34955943,0.26794612,-1.1920929e-07,0.31578118,0.32062542,0.36649287,0.3313462,0.31366193
G,0.142174,0.19554359,0.10471171,0.1341871,0.07901734,0.083687186,0.11644983,0.027250528,0.020696223,0.015669167,0.07730007,0.06301248,0.10247427,0.2573812,0.31578118,0.0,0.14181334,0.09858161,0.16037792,0.07136357
Y,0.00522542,0.031872332,0.019907176,0.04161954,0.028169036,0.043895245,0.038511813,0.13778734,0.14184743,0.10785526,0.1729992,0.056252956,0.015954792,0.056343317,0.32062542,0.14181334,0.0,0.01325655,0.010481894,0.24050081
F,0.0060679913,0.04292077,0.011632383,0.021796346,0.02278459,0.041092157,0.026272237,0.12021792,0.10597736,0.06774676,0.13369697,0.021208704,0.008361876,0.097682595,0.36649287,0.09858161,0.01325655,5.9604645e-08,0.029960275,0.22231233
W,0.020425022,0.016415417,0.05149287,0.07818359,0.04221338,0.040625155,0.07292271,0.12964928,0.15937859,0.14322746,0.18900585,0.08538407,0.04613948,0.08785659,0.3313462,0.16037792,0.010481894,0.029960275,0.0,0.22267008
C,0.26566398,0.24702698,0.23845834,0.28474998,0.14531398,0.10926527,0.23339844,0.028093457,0.054020703,0.131504,0.09389818,0.22241676,0.235362,0.3972547,0.31366193,0.07136357,0.24050081,0.22231233,0.22267008,0.0
