,R,K,E,D,Q,N,H,S,T,A,V,I,L,M,P,G,Y,F,W,C
R,0.0,0.4158405,0.24549174,0.23929715,0.23600638,0.2316224,0.24322027,0.23161674,0.2326209,0.23169029,0.2448892,0.23540431,0.23416573,0.231646,0.24955595,0.24684954,0.23896551,0.24265432,0.28080338,0.51965487
K,0.4158405,0.0,0.2536314,0.24750364,0.24424839,0.23991168,0.25138444,0.23990607,0.24089938,0.23997885,0.25303537,0.24365276,0.24242759,0.23993504,0.25765175,0.25497454,0.24717563,0.25082463,0.28856212,0.5248369
E,0.24549174,0.2536314,0.0,0.028065622,0.02386111,0.018259764,0.033078134,0.018252552,0.019535542,0.018346548,0.03521049,0.023091793,0.02150929,0.018289924,0.04117304,0.037715197,0.027641952,0.03235507,0.081097305,0.38627297
D,0.23929715,0.24750364,0.028065622,0.0,0.015846908,0.010199547,0.02513957,0.010192275,0.011485815,0.010287046,0.02728945,0.015071273,0.013475776,0.010230005,0.033300996,0.02981472,0.019658804,0.024410605,0.073553026,0.38123417
Q,0.23600638,0.24424839,0.02386111,0.015846908,0.0,0.005917728,0.020922363,0.0059103966,0.0072095394,0.006005585,0.023081541,0.010810554,0.009208143,0.005948305,0.029119074,0.025617778,0.015417874,0.020190239,0.06954521,0.37855744
N,0.2316224,0.23991168,0.018259764,0.010199547,0.005917728,0.0,0.015304148,0.00020605326,0.0015125871,0.00030177832,0.017475724,0.0051342845,0.003522694,0.00024414062,0.023547888,0.020026445,0.009768069,0.014567792,0.064206004,0.37499142
H,0.24322027,0.25138444,0.033078134,0.02513957,0.020922363,0.015304148,0.0,0.015296936,0.01658374,0.015391171,0.032305896,0.02015078,0.018563509,0.015334427,0.038286448,0.034818172,0.02471459,0.029441893,0.078330874,0.38442528
S,0.23161674,0.23990607,0.018252552,0.010192275,0.0059103966,0.00020605326,0.015296936,0.0,0.0015053153,0.00029444695,0.017468512,0.0051270127,0.0035153627,0.00023680925,0.023540735,0.020019293,0.009760797,0.01456058,0.06419915,0.37498683
T,0.2326209,0.24089938,0.019535542,0.011485815,0.0072095394,0.0015125871,0.01658374,0.0015053153,0.0,0.0016008615,0.018752515,0.0064271092,0.004817605,0.0015433431,0.024816811,0.021299958,0.0110548735,0.015848398,0.06542212,0.37580365
A,0.23169029,0.23997885,0.018346548,0.010287046,0.006005585,0.00030177832,0.015391171,0.00029444695,0.0016008615,0.0,0.017562568,0.005222261,0.0036107898,0.0003325343,0.023634195,0.02011311,0.009855568,0.014654934,0.064288735,0.37504667
V,0.2448892,0.25303537,0.03521049,0.02728945,0.023081541,0.017475724,0.032305896,0.017468512,0.018752515,0.017562568,0.0,0.022311687,0.020727873,0.017505944,0.04040736,0.036946714,0.026865423,0.031582296,0.08036345,0.38578284
I,0.23540431,0.24365276,0.023091793,0.015071273,0.010810554,0.0051342845,0.02015078,0.0051270127,0.0064271092,0.005222261,0.022311687,0.0,0.008427322,0.0051648617,0.02835393,0.024849832,0.014641941,0.01941806,0.06881195,0.37806767
L,0.23416573,0.24242759,0.02150929,0.013475776,0.009208143,0.003522694,0.018563509,0.0035153627,0.004817605,0.0036107898,0.020727873,0.008427322,0.0,0.003553331,0.02677995,0.02327019,0.013045728,0.017829597,0.06730354,0.37706017
M,0.231646,0.23993504,0.018289924,0.010230005,0.005948305,0.00024414062,0.015334427,0.00023680925,0.0015433431,0.0003325343,0.017505944,0.0051648617,0.003553331,0.0,0.023577929,0.020056605,0.009798527,0.014598131,0.06423479,0.3750106
P,0.24955595,0.25765175,0.04117304,0.033300996,0.029119074,0.023547888,0.038286448,0.023540735,0.024816811,0.023634195,0.04040736,0.02835393,0.02677995,0.023577929,0.0,0.042898536,0.03287959,0.037567317,0.086046994,0.38957882
G,0.24684954,0.25497454,0.037715197,0.02981472,0.025617778,0.020026445,0.034818172,0.020019293,0.021299958,0.02011311,0.036946714,0.024849832,0.02327019,0.020056605,0.042898536,0.0,0.029391825,0.03409642,0.082750976,0.38737738
Y,0.23896551,0.24717563,0.027641952,0.019658804,0.015417874,0.009768069,0.02471459,0.009760797,0.0110548735,0.009855568,0.026865423,0.014641941,0.013045728,0.009798527,0.03287959,0.029391825,0.0,0.023985267,0.073149145,0.38096446
F,0.24265432,0.25082463,0.03235507,0.024410605,0.020190239,0.014567792,0.029441893,0.01456058,0.015848398,0.014654934,0.031582296,0.01941806,0.017829597,0.014598131,0.037567317,0.03409642,0.023985267,0.0,0.077641666,0.38396496
W,0.28080338,0.28856212,0.081097305,0.073553026,0.06954521,0.064206004,0.078330874,0.06419915,0.06542212,0.064288735,0.08036345,0.06881195,0.06730354,0.06423479,0.086046994,0.082750976,0.073149145,0.077641666,0.0,0.4149959
C,0.51965487,0.5248369,0.38627297,0.38123417,0.37855744,0.37499142,0.38442528,0.37498683,0.37580365,0.37504667,0.38578284,0.37806767,0.37706017,0.3750106,0.38957882,0.38737738,0.38096446,0.38396496,0.4149959,0.0
