,R,K,E,D,Q,N,H,S,T,A,V,I,L,M,P,G,Y,F,W,C
R,-1.1920929e-07,0.042561054,0.03749907,0.021164,0.037310183,0.089564145,0.026054442,0.12350732,0.5337182,0.07441366,0.409559,0.07903659,0.08492988,0.13010186,0.031328678,0.046824574,0.050931215,0.024886489,0.013455391,0.29351932
K,0.042561054,5.9604645e-08,0.050914347,0.027340233,0.06709832,0.08458215,0.09728807,0.15610498,0.46487272,0.062119007,0.48294842,0.09181452,0.12244958,0.047628164,0.052274764,0.061261177,0.018564522,0.057335794,0.04354191,0.36205763
E,0.03749907,0.050914347,0.0,0.018975616,0.025418818,0.044177413,0.061284363,0.07795513,0.47179753,0.020453691,0.45835,0.06652415,0.14278126,0.14263064,0.010679662,0.010792375,0.038312852,0.029596806,0.055178702,0.3215056
D,0.021164,0.027340233,0.018975616,0.0,0.03221655,0.06617224,0.04960364,0.111114204,0.47712845,0.037479877,0.41389245,0.051084757,0.09332633,0.08963436,0.028767765,0.026895106,0.029851794,0.030420959,0.03287953,0.30073202
Q,0.037310183,0.06709832,0.025418818,0.03221655,0.0,0.026492596,0.025455058,0.055761397,0.3666718,0.030314803,0.29994428,0.07890397,0.13243729,0.138533,0.013671815,0.019184828,0.035345912,0.056159735,0.07347208,0.20388383
N,0.089564145,0.08458215,0.044177413,0.06617224,0.026492596,0.0,0.07073182,0.046432197,0.36736888,0.015303373,0.3604241,0.12538964,0.21819562,0.13020313,0.029196203,0.037550807,0.027180195,0.117025435,0.1394574,0.23884124
H,0.026054442,0.09728807,0.061284363,0.04960364,0.025455058,0.07073182,-1.1920929e-07,0.09957969,0.4665897,0.07298803,0.27889043,0.108207345,0.11817914,0.16863179,0.04633844,0.062375844,0.07056284,0.07503384,0.06878418,0.20305187
S,0.12350732,0.15610498,0.07795513,0.111114204,0.055761397,0.046432197,0.09957969,0.0,0.46417767,0.078311205,0.3424291,0.08376193,0.16777426,0.18970764,0.04807371,0.04044026,0.09262729,0.114352286,0.15311581,0.1457957
T,0.5337182,0.46487272,0.47179747,0.47712845,0.36667174,0.36736882,0.4665897,0.46417767,1.1920929e-07,0.40162456,0.26346457,0.5361273,0.6154959,0.47137445,0.45390248,0.44099683,0.40570003,0.5571183,0.59272397,0.40931463
A,0.07441366,0.062119007,0.020453691,0.037479877,0.030314803,0.015303373,0.07298803,0.078311205,0.40162456,0.0,0.41383332,0.10485828,0.20109266,0.118113875,0.029682517,0.030941248,0.024635911,0.090515316,0.11434835,0.30528164
V,0.409559,0.48294836,0.45835,0.41389245,0.29994422,0.36042404,0.27889037,0.3424291,0.26346457,0.41383332,-1.1920929e-07,0.3898965,0.36087275,0.4321518,0.41273952,0.3986898,0.4094118,0.4788627,0.47670722,0.09236109
I,0.07903659,0.09181452,0.06652415,0.051084757,0.07890397,0.12538964,0.108207345,0.08376193,0.5361273,0.10485828,0.3898965,0.0,0.037010908,0.113677084,0.06880695,0.040338278,0.09500378,0.042981684,0.06153804,0.21123123
L,0.08492988,0.12244958,0.14278126,0.09332633,0.13243729,0.21819562,0.11817914,0.16777426,0.6154959,0.20109266,0.36087275,0.037010908,1.1920929e-07,0.13437504,0.13269109,0.1145339,0.15265858,0.07049441,0.055889726,0.20747381
M,0.13010186,0.047628164,0.14263064,0.08963436,0.138533,0.13020313,0.16863179,0.18970764,0.4713744,0.118113875,0.43215185,0.113677084,0.13437504,5.9604645e-08,0.13652354,0.13070244,0.054484963,0.15650553,0.12856162,0.3066479
P,0.031328678,0.052274764,0.010679662,0.028767765,0.013671815,0.029196203,0.04633844,0.04807371,0.45390242,0.029682517,0.41273952,0.06880695,0.13269109,0.13652354,0.0,0.0074757338,0.02971673,0.03343147,0.053248227,0.2608704
G,0.046824574,0.061261177,0.010792375,0.026895106,0.019184828,0.037550807,0.062375844,0.04044026,0.44099677,0.030941248,0.39868975,0.040338278,0.1145339,0.13070244,0.0074757338,0.0,0.039073586,0.031587183,0.060468018,0.24130791
Y,0.050931215,0.018564522,0.038312852,0.029851794,0.035345852,0.027180195,0.07056284,0.09262729,0.40570003,0.024635911,0.4094118,0.09500378,0.15265858,0.054484963,0.02971673,0.039073586,0.0,0.078359365,0.07612246,0.2872337
F,0.024886489,0.057335794,0.029596806,0.030420959,0.056159735,0.117025435,0.07503384,0.114352286,0.5571183,0.090515316,0.4788627,0.042981684,0.07049441,0.15650553,0.03343147,0.031587183,0.078359365,1.1920929e-07,0.012712419,0.319601
W,0.013455451,0.04354191,0.055178702,0.03287953,0.07347208,0.1394574,0.06878418,0.15311581,0.59272397,0.11434835,0.47670722,0.06153804,0.055889726,0.12856162,0.053248227,0.060468018,0.07612246,0.012712419,5.9604645e-08,0.33066994
C,0.29351932,0.36205763,0.3215056,0.30073202,0.20388383,0.23884124,0.20305187,0.1457957,0.40931463,0.30528164,0.09236109,0.21123123,0.20747381,0.3066479,0.2608704,0.24130791,0.2872337,0.319601,0.33066994,0.0
