,R,K,E,D,Q,N,H,S,T,A,V,I,L,M,P,G,Y,F,W,C
R,0.0,0.03888476,0.035933137,0.063011765,0.0481658,0.4577741,0.03975582,0.0361498,0.04823053,0.0367015,0.10320175,0.035927117,0.03619027,0.035932362,0.04199058,0.04127699,0.0359689,0.03595239,0.040391922,0.07751948
K,0.03888476,0.0,0.0036135316,0.03159994,0.016256273,0.43959635,0.0075644255,0.0038374662,0.01632315,0.0044076443,0.07313728,0.0036073327,0.0038793087,0.0036127567,0.009874046,0.009136558,0.0036504865,0.0036334395,0.008221805,0.046594024
E,0.035933137,0.0036135316,0.0,0.028625965,0.013235211,0.4378754,0.0045166016,0.00077825785,0.013302267,0.0013501644,0.07029092,0.00054740906,0.0008201599,0.0005528331,0.0068333745,0.0060936213,0.00059074163,0.0005736351,0.0051760077,0.043666065
D,0.063011765,0.03159994,0.028625965,0.0,0.04095131,0.45366424,0.032477617,0.028844237,0.04101652,0.02940011,0.09640449,0.028619885,0.028885007,0.02862519,0.034729302,0.03401035,0.028662026,0.028645396,0.033118546,0.070527494
Q,0.0481658,0.016256273,0.013235211,0.04095131,0.0,0.44500792,0.017147899,0.013456941,0.025822103,0.014021635,0.08208758,0.0132290125,0.013498366,0.013234377,0.019435227,0.018704891,0.013271809,0.013254881,0.0177989,0.055800617
N,0.4577741,0.43959635,0.4378754,0.45366424,0.44500792,0.0,0.4401043,0.4380017,0.44504565,0.43832338,0.4770981,0.43787187,0.4380253,0.4378749,0.44140732,0.44099128,0.43789625,0.4378866,0.44047517,0.4621234
H,0.03975582,0.0075644255,0.0045166016,0.032477617,0.017147899,0.4401043,0.0,0.004740298,0.017214715,0.005309999,0.07397735,0.0045104027,0.0047820807,0.004515767,0.010771394,0.010034621,0.0045535564,0.0045365095,0.009120643,0.047458112
S,0.0361498,0.0038374662,0.00077825785,0.028844237,0.013456941,0.4380017,0.004740298,0.0,0.013523996,0.0015745759,0.07049984,0.00077199936,0.0010446906,0.0007774234,0.0070565343,0.00631696,0.00081527233,0.0007982254,0.005399585,0.043881
T,0.04823053,0.01632315,0.013302267,0.04101652,0.025822103,0.44504565,0.017214715,0.013523996,0.0,0.014088631,0.08214998,0.013296127,0.013565421,0.013301492,0.019501865,0.018771589,0.013338864,0.013321996,0.017865717,0.05586481
A,0.0367015,0.0044076443,0.0013501644,0.02940011,0.014021635,0.43832338,0.005309999,0.0015745759,0.014088631,0.0,0.07103187,0.0013439059,0.001616478,0.00134933,0.0076248646,0.0068857074,0.0013871789,0.001370132,0.0059688687,0.04442823
V,0.10320175,0.07313728,0.07029092,0.09640449,0.08208758,0.4770981,0.07397735,0.07049984,0.08214998,0.07103187,0.0,0.07028508,0.07053882,0.07029015,0.07613242,0.07544434,0.070325375,0.07030946,0.07459074,0.11039513
I,0.035927117,0.0036073327,0.00054740906,0.028619885,0.0132290125,0.43787187,0.0045104027,0.00077199936,0.013296127,0.0013439059,0.07028508,0.0,0.000813961,0.0005465746,0.006827116,0.0060874224,0.00058448315,0.0005673766,0.005169809,0.043660104
L,0.03619027,0.0038793087,0.0008201599,0.028885007,0.013498366,0.4380253,0.0047820807,0.0010446906,0.013565421,0.001616478,0.07053882,0.000813961,0.0,0.00081932545,0.007098198,0.006358683,0.000857234,0.00084012747,0.005441308,0.043921113
M,0.035932362,0.0036127567,0.0005528331,0.02862519,0.013234377,0.4378749,0.004515767,0.0007774234,0.013301492,0.00134933,0.07029015,0.0005465746,0.00081932545,0.0,0.00683254,0.006092787,0.00058990717,0.00057280064,0.0051751733,0.04366529
P,0.04199058,0.009874046,0.0068333745,0.034729302,0.019435227,0.44140732,0.010771394,0.0070565343,0.019501865,0.0076248646,0.07613242,0.006827116,0.007098198,0.00683254,0.0,0.012338519,0.0068701506,0.0068531632,0.011426687,0.04967493
G,0.04127699,0.009136558,0.0060936213,0.03401035,0.018704891,0.44099128,0.010034621,0.00631696,0.018771589,0.0068857074,0.07544434,0.0060874224,0.006358683,0.006092787,0.012338519,0.0,0.006130457,0.0061134696,0.010690391,0.048967063
Y,0.0359689,0.0036504865,0.00059074163,0.028662026,0.013271809,0.43789625,0.0045535564,0.00081527233,0.013338864,0.0013871789,0.070325375,0.00058448315,0.000857234,0.00058990717,0.0068701506,0.006130457,0.0,0.0006106496,0.005212903,0.04370153
F,0.03595239,0.0036334395,0.0005736351,0.028645396,0.013254881,0.4378866,0.0045365095,0.0007982254,0.013321996,0.001370132,0.07030946,0.0005673766,0.00084012747,0.00057280064,0.0068531632,0.0061134696,0.0006106496,0.0,0.0051959157,0.043685198
W,0.040391922,0.008221805,0.0051760077,0.033118546,0.0177989,0.44047517,0.009120643,0.005399585,0.017865717,0.0059688687,0.07459074,0.005169809,0.005441308,0.0051751733,0.011426687,0.010690391,0.005212903,0.0051959157,0.0,0.048089087
C,0.07751948,0.046594024,0.043666065,0.070527494,0.055800617,0.4621234,0.047458112,0.043881,0.05586481,0.04442823,0.11039513,0.043660104,0.043921113,0.04366529,0.04967493,0.048967063,0.04370153,0.043685198,0.048089087,0.0
