,R,K,E,D,Q,N,H,S,T,A,V,I,L,M,P,G,Y,F,W,C
R,0.0,0.6438346,0.63567144,0.67895067,0.5447438,0.6028319,0.57089734,0.40648282,0.42116094,0.39991033,0.52269363,0.63012016,0.6567856,0.528547,0.39200896,0.45262247,0.5257511,0.6168252,0.6630896,0.4055344
K,0.6438346,0.0,0.64931947,0.69097745,0.56179804,0.6177101,0.5869719,0.42871648,0.44284475,0.42239016,0.54057395,0.64397615,0.6696427,0.546208,0.4147848,0.47312766,0.5435169,0.6311792,0.6757105,0.42780352
E,0.63567144,0.64931947,0.0,0.68389475,0.5517546,0.60894823,0.57750547,0.41562283,0.43007493,0.40915155,0.5300441,0.6358162,0.66207105,0.53580725,0.4013719,0.46105194,0.5330545,0.622726,0.6682779,0.414689
D,0.67895067,0.69097745,0.68389475,0.0,0.6050025,0.65540195,0.62769437,0.4850421,0.4977774,0.47933954,0.585871,0.6790783,0.70221424,0.59094954,0.472484,0.5250746,0.5885238,0.6675431,0.7076838,0.4842192
Q,0.5447438,0.56179804,0.5517546,0.6050025,0.0,0.5113511,0.47206098,0.2697764,0.28783536,0.26169002,0.41275442,0.54492474,0.57773215,0.4199559,0.25196874,0.3265435,0.41651613,0.52856755,0.5854881,0.26860946
N,0.6028319,0.6177101,0.60894823,0.65540195,0.5113511,0.0,0.539423,0.36294878,0.37870353,0.35589415,0.4876836,0.60298973,0.6316111,0.49396628,0.34741324,0.41247272,0.4909653,0.5887196,0.6383774,0.36193073
H,0.57089734,0.5869719,0.57750547,0.62769437,0.47206098,0.539423,0.0,0.31172627,0.3287478,0.30410445,0.44649047,0.5710679,0.6019906,0.4532783,0.2949416,0.36523223,0.4500361,0.55565035,0.609301,0.3106264
S,0.40648282,0.42871648,0.41562283,0.4850421,0.2697764,0.36294878,0.31172627,0.0,0.07155156,0.03746587,0.23440838,0.40671873,0.4494897,0.243797,0.024792194,0.1220153,0.23931253,0.38539386,0.4596011,0.046486735
T,0.42116094,0.44284475,0.43007493,0.4977774,0.28783536,0.37870353,0.3287478,0.07155156,0.0,0.06127006,0.25334203,0.421391,0.46310425,0.26249844,0.048909843,0.1437285,0.2581249,0.40059352,0.4729656,0.07006788
A,0.39991033,0.42239016,0.40915155,0.47933954,0.26169002,0.35589415,0.30410445,0.03746587,0.06127006,0.0,0.22593033,0.4001488,0.44339347,0.23542291,0.013992906,0.11229259,0.23088878,0.37858778,0.4536168,0.035927713
V,0.52269363,0.54057395,0.5300441,0.585871,0.41275442,0.4876836,0.44649047,0.23440838,0.25334203,0.22593033,0.0,0.52288336,0.5572798,0.39186174,0.21573818,0.29392493,0.38825536,0.5057339,0.5654113,0.23318493
I,0.63012016,0.64397615,0.6358162,0.6790783,0.54492474,0.60298973,0.5710679,0.40671873,0.421391,0.4001488,0.52288336,0.0,0.65692204,0.5287343,0.3922506,0.45284003,0.52593964,0.6169775,0.6632235,0.40577066
L,0.6567856,0.6696427,0.66207105,0.70221424,0.57773215,0.6316111,0.6019906,0.4494897,0.46310425,0.44339347,0.5572798,0.65692204,0.0,0.562709,0.4360646,0.49228603,0.5601157,0.6445905,0.68750244,0.44861
M,0.528547,0.546208,0.53580725,0.59094954,0.4199559,0.49396628,0.4532783,0.243797,0.26249844,0.23542291,0.39186174,0.5287343,0.562709,0.0,0.22535574,0.3025837,0.39575732,0.5117952,0.5707408,0.24258858
P,0.39200896,0.4147848,0.4013719,0.472484,0.25196874,0.34741324,0.2949416,0.024792194,0.048909843,0.013992906,0.21573818,0.3922506,0.4360646,0.22535574,0.0,0.10060418,0.2207619,0.37040567,0.44642258,0.023233771
G,0.45262247,0.47312766,0.46105194,0.5250746,0.3265435,0.41247272,0.36523223,0.1220153,0.1437285,0.11229259,0.29392493,0.45284003,0.49228603,0.3025837,0.10060418,0.0,0.29844785,0.43317294,0.50161135,0.120612204
Y,0.5257511,0.5435169,0.5330545,0.5885238,0.41651613,0.4909653,0.4500361,0.23931253,0.2581249,0.23088878,0.38825536,0.52593964,0.5601157,0.39575732,0.2207619,0.29844785,0.0,0.50890005,0.5681952,0.2380969
F,0.6168252,0.6311792,0.622726,0.6675431,0.52856755,0.5887196,0.55565035,0.38539386,0.40059352,0.37858778,0.5057339,0.6169775,0.6445905,0.5117952,0.37040567,0.43317294,0.50890005,0.0,0.6511184,0.3844117
W,0.6630896,0.6757105,0.6682779,0.7076838,0.5854881,0.6383774,0.609301,0.4596011,0.4729656,0.4536168,0.5654113,0.6632235,0.68750244,0.5707408,0.44642258,0.50161135,0.5681952,0.6511184,0.0,0.45873755
C,0.4055344,0.42780352,0.414689,0.4842192,0.26860946,0.36193073,0.3106264,0.046486735,0.07006788,0.035927713,0.23318493,0.40577066,0.44861,0.24258858,0.023233771,0.120612204,0.2380969,0.3844117,0.45873755,0.0
