,R,K,E,D,Q,N,H,S,T,A,V,I,L,M,P,G,Y,F,W,C
R,0.0,0.22021353,0.73977196,0.5028125,0.38395083,0.4441347,0.33076918,0.2549315,0.38440216,0.30753583,0.47031683,0.60125554,0.6107752,0.54292417,0.5286788,0.4333675,0.40541637,0.555807,0.24516404,0.6354562
K,0.22021353,-1.1920929e-07,0.5504174,0.43737406,0.39702332,0.35781044,0.16300178,0.34382325,0.4615721,0.3585444,0.34788305,0.56182957,0.44610697,0.34988832,0.33228397,0.33555257,0.37138915,0.5051489,0.08654624,0.40874118
E,0.73977196,0.5504174,0.0,0.061447084,0.13781744,0.44766843,0.18253344,0.3318621,0.20707023,0.23708653,0.09045684,0.1726538,0.21850419,0.09828681,0.1858601,0.1782285,0.30756575,0.39598376,0.29234487,0.4831586
D,0.5028125,0.43737406,0.061447084,0.0,0.03772229,0.2678405,0.16800958,0.12753248,0.0957312,0.07446015,0.044593513,0.10630739,0.14993924,0.08807981,0.11288226,0.08197093,0.12843573,0.32112932,0.21009171,0.40144634
Q,0.38395083,0.39702332,0.13781744,0.03772229,5.9604645e-08,0.2085545,0.16885495,0.08520037,0.057646453,0.049151123,0.05802369,0.10897714,0.115844965,0.071805,0.09155613,0.03895545,0.12186456,0.21662575,0.18097645,0.44183546
N,0.4441347,0.35781044,0.44766843,0.2678405,0.2085545,-1.1920929e-07,0.40538627,0.10549098,0.24654639,0.1318233,0.21348917,0.30998904,0.24408996,0.29794246,0.09978604,0.15379679,0.16887742,0.39185697,0.3082686,0.4347487
H,0.33076918,0.16300178,0.18253344,0.16800958,0.16885495,0.40538627,0.0,0.27179617,0.22474569,0.21131182,0.110580206,0.31192994,0.31059778,0.13161391,0.21382666,0.18072724,0.31251347,0.38786894,0.041848004,0.43475503
S,0.2549315,0.34382325,0.3318621,0.12753248,0.08520037,0.10549098,0.27179617,0.0,0.120963216,0.017897487,0.13718593,0.23927104,0.2562455,0.25267023,0.1383124,0.10932207,0.098274946,0.3903705,0.20845956,0.47247946
T,0.38440216,0.46157205,0.20707023,0.0957312,0.057646453,0.24654639,0.22474563,0.120963216,0.0,0.07038057,0.070589244,0.062558234,0.2015279,0.14913952,0.19942802,0.13008833,0.13989645,0.2140199,0.25153607,0.32884198
A,0.30753583,0.3585444,0.23708653,0.07446015,0.049151123,0.1318233,0.21131182,0.017897487,0.07038057,0.0,0.07011992,0.16629034,0.21184343,0.18299383,0.10904443,0.072511554,0.08181417,0.33538258,0.17858797,0.42067927
V,0.4703169,0.34788305,0.09045684,0.044593513,0.05802369,0.21348917,0.110580206,0.13718593,0.070589244,0.07011992,5.9604645e-08,0.117925406,0.17838675,0.0809055,0.08493459,0.07185954,0.15293217,0.29941708,0.1421445,0.34806997
I,0.60125554,0.56182957,0.1726538,0.10630739,0.10897714,0.30998904,0.31192994,0.23927104,0.062558234,0.16629034,0.117925346,0.0,0.109837234,0.11405796,0.21805,0.15952432,0.12861079,0.14260131,0.35576445,0.21478993
L,0.6107752,0.44610697,0.21850419,0.14993924,0.115844965,0.24408996,0.31059778,0.2562455,0.2015279,0.21184343,0.17838675,0.109837234,1.1920929e-07,0.05728829,0.109485984,0.07496792,0.12226975,0.091748595,0.2865619,0.30888838
M,0.54292417,0.34988832,0.09828681,0.08807981,0.071805,0.29794246,0.13161391,0.25267023,0.14913946,0.18299383,0.08090556,0.11405796,0.05728829,1.1920929e-07,0.09475726,0.06276035,0.18594217,0.14551735,0.16612434,0.34227335
P,0.5286788,0.33228397,0.1858601,0.11288226,0.09155613,0.09978604,0.21382666,0.1383124,0.19942808,0.10904443,0.08493459,0.21805,0.109485984,0.09475726,5.9604645e-08,0.031315923,0.15307301,0.29509276,0.17933458,0.44784957
G,0.4333675,0.33555257,0.1782285,0.08197093,0.03895545,0.15379679,0.18072724,0.10932207,0.13008833,0.072511554,0.07185948,0.15952432,0.07496792,0.06276035,0.031315923,0.0,0.09812337,0.19973731,0.14073044,0.42220825
Y,0.40541637,0.37138915,0.30756575,0.12843573,0.12186456,0.16887742,0.31251347,0.098274946,0.13989645,0.08181417,0.15293217,0.12861079,0.12226975,0.18594217,0.15307301,0.09812337,0.0,0.23207873,0.23158288,0.23619545
F,0.555807,0.5051489,0.39598376,0.32112932,0.21662575,0.39185697,0.38786894,0.3903705,0.2140199,0.33538258,0.29941708,0.14260131,0.091748595,0.14551735,0.29509276,0.19973731,0.23207873,-1.1920929e-07,0.3656956,0.29403687
W,0.24516404,0.08654618,0.29234487,0.21009171,0.18097645,0.3082686,0.041848004,0.2084595,0.25153607,0.17858797,0.1421445,0.35576445,0.2865619,0.16612434,0.17933458,0.14073044,0.23158288,0.3656956,5.9604645e-08,0.4121632
C,0.6354562,0.40874118,0.4831586,0.40144634,0.44183546,0.4347487,0.43475503,0.47247946,0.32884204,0.42067927,0.3480699,0.21478993,0.30888838,0.34227335,0.44784957,0.42220825,0.23619545,0.29403687,0.4121632,5.9604645e-08
