,R,K,E,D,Q,N,H,S,T,A,V,I,L,M,P,G,Y,F,W,C
R,0.0,0.62883335,0.5821072,0.5339389,0.4893118,0.5693116,0.6242867,0.5561304,0.6142706,0.5063586,0.48503685,0.49816328,0.48317158,0.51796615,0.4966607,0.47969604,0.5048307,0.49959242,0.50586796,0.57523763
K,0.62883335,0.0,0.42746985,0.36147732,0.30033648,0.40993947,0.48525757,0.39188063,0.47153515,0.32369125,0.29447955,0.31246334,0.29192412,0.33959407,0.31040472,0.28716242,0.321598,0.31442136,0.3230191,0.41805834
E,0.5821072,0.42746985,0.0,0.2810936,0.21225572,0.33565664,0.4204566,0.31532443,0.40500665,0.23855066,0.20566154,0.22590923,0.20278436,0.25645548,0.2235915,0.19742322,0.2361939,0.22811377,0.23779392,0.3447976
D,0.5339389,0.36147732,0.2810936,0.0,0.12145662,0.2590813,0.35365564,0.23640543,0.3364249,0.1507824,0.114102304,0.13668388,0.11089349,0.17075104,0.134099,0.10491443,0.14815396,0.13914251,0.1499384,0.2692759
Q,0.4893118,0.30033648,0.21225572,0.12145662,0.0,0.18813568,0.29176587,0.16328853,0.27288514,0.06946677,0.029274404,0.05401826,0.025758326,0.091347456,0.051185846,0.019206762,0.06658661,0.05671227,0.068541944,0.19930643
N,0.5693116,0.40993947,0.33565664,0.2590813,0.18813568,0.0,0.4027114,0.29436016,0.38678843,0.21523571,0.1813395,0.20220721,0.17837423,0.23368877,0.19981849,0.172849,0.21280676,0.20447922,0.21445578,0.32473588
H,0.6242867,0.48525757,0.4204566,0.35365564,0.29176587,0.4027114,0.0,0.38443136,0.4650616,0.31540674,0.28583717,0.30404127,0.2832504,0.33150434,0.30195743,0.27843046,0.3132878,0.30602324,0.31472635,0.41092974
S,0.5561304,0.39188063,0.31532443,0.23640543,0.16328853,0.29436016,0.38443136,0.0,0.36802107,0.19121796,0.15628439,0.17779076,0.15322834,0.21023577,0.17532891,0.14753401,0.18871468,0.18013227,0.19041419,0.3040694
T,0.6142706,0.47153515,0.40500665,0.3364249,0.27288514,0.38678843,0.4650616,0.36802107,0.0,0.29715627,0.2667985,0.28548783,0.26414275,0.31368303,0.28334844,0.25919425,0.29498088,0.2875226,0.29645777,0.39522582
A,0.5063586,0.32369125,0.23855066,0.1507824,0.06946677,0.21523571,0.31540674,0.19121796,0.29715627,0.0,0.061677277,0.08559519,0.05827856,0.12167829,0.08285731,0.051945686,0.09774399,0.08819926,0.09963405,0.22603363
V,0.48503685,0.29447955,0.20566154,0.114102304,0.029274404,0.1813395,0.28583717,0.15628439,0.2667985,0.061677277,0.0,0.046099424,0.01760292,0.08374107,0.04324329,0.0109965205,0.05877298,0.048815966,0.060744703,0.19260383
I,0.49816328,0.31246334,0.22590923,0.13668388,0.05401826,0.20220721,0.30404127,0.17779076,0.28548783,0.08559519,0.046099424,0.0,0.042644262,0.10709661,0.067631066,0.036206305,0.08276492,0.073061705,0.0846864,0.21318436
L,0.48317158,0.29192412,0.20278436,0.11089349,0.025758326,0.17837423,0.2832504,0.15322834,0.26414275,0.05827856,0.01760292,0.042644262,0.0,0.08042228,0.039777815,0.0074142218,0.055363774,0.045370698,0.05734259,0.18967932
M,0.51796615,0.33959407,0.25645548,0.17075104,0.091347456,0.23368877,0.33150434,0.21023577,0.31368303,0.12167829,0.08374107,0.10709661,0.08042228,0.0,0.104423106,0.07423836,0.118959725,0.109639406,0.12080538,0.24423271
P,0.4966607,0.31040472,0.2235915,0.134099,0.051185846,0.19981849,0.30195743,0.17532891,0.28334844,0.08285731,0.04324329,0.067631066,0.039777815,0.104423106,0.0,0.033320546,0.08001858,0.07028633,0.08194578,0.21082854
G,0.47969604,0.28716242,0.19742322,0.10491443,0.019206762,0.172849,0.27843046,0.14753401,0.25919425,0.051945686,0.0109965205,0.036206305,0.0074142218,0.07423836,0.033320546,0.0,0.04901129,0.03895104,0.051003456,0.18423009
Y,0.5048307,0.321598,0.2361939,0.14815396,0.06658661,0.21280676,0.3132878,0.18871468,0.29498088,0.09774399,0.05877298,0.08276492,0.055363774,0.118959725,0.08001858,0.04901129,0.0,0.0853771,0.096847296,0.22363806
F,0.49959242,0.31442136,0.22811377,0.13914251,0.05671227,0.20447922,0.30602324,0.18013227,0.2875226,0.08819926,0.048815966,0.073061705,0.045370698,0.109639406,0.07028633,0.03895104,0.0853771,0.0,0.08729303,0.21542513
W,0.50586796,0.3230191,0.23779392,0.1499384,0.068541944,0.21445578,0.31472635,0.19041419,0.29645777,0.09963405,0.060744703,0.0846864,0.05734259,0.12080538,0.08194578,0.051003456,0.096847296,0.08729303,0.0,0.22526437
C,0.57523763,0.41805834,0.3447976,0.2692759,0.19930643,0.32473588,0.41092974,0.3040694,0.39522582,0.22603363,0.19260383,0.21318436,0.18967932,0.24423271,0.21082854,0.18423009,0.22363806,0.21542513,0.22526437,0.0
