,R,K,E,D,Q,N,H,S,T,A,V,I,L,M,P,G,Y,F,W,C
R,0.0,0.5443833,0.5086409,0.54959214,0.35694772,0.49941427,0.5228527,0.3825391,0.5202284,0.4074762,0.46335584,0.43480825,0.4815148,0.49805242,0.5635868,0.39493442,0.44900078,0.45392358,0.57748044,0.398378
K,0.5443833,0.0,0.45961398,0.5046513,0.29278517,0.44946676,0.47524387,0.32093,0.47235763,0.34835523,0.40981048,0.37841445,0.42978132,0.44796896,0.52004224,0.33456206,0.39402306,0.39943707,0.5353222,0.33834922
E,0.5086409,0.45961398,0.0,0.465792,0.23730528,0.4062783,0.43407756,0.26765805,0.43096495,0.29723477,0.3635111,0.32965207,0.38504857,0.40466303,0.48239034,0.2823596,0.3464852,0.3523239,0.498869,0.28644383
D,0.54959214,0.5046513,0.465792,0.0,0.30087042,0.45576078,0.48124313,0.3286935,0.47838998,0.35580522,0.41655785,0.38552076,0.43630034,0.45428014,0.5255294,0.34216976,0.40095097,0.40630305,0.54063463,0.34591365
Q,0.35694772,0.29278517,0.23730528,0.30087042,0.0,0.2229836,0.25936514,0.04156828,0.25529158,0.08027595,0.16701323,0.12270123,0.19519979,0.22086966,0.3225931,0.06080848,0.14473104,0.1523723,0.344159,0.066153646
N,0.49941427,0.44946676,0.4062783,0.45576078,0.2229836,0.0,0.42345083,0.2539063,0.4202798,0.28403842,0.35155928,0.31706446,0.37350118,0.39348394,0.4726708,0.26888388,0.33421367,0.34016198,0.48945886,0.27304488
H,0.5228527,0.47524387,0.43407756,0.48124313,0.25936514,0.42345083,0.0,0.28883994,0.44742346,0.3175612,0.38192058,0.34904093,0.40283513,0.42188227,0.49736142,0.30311626,0.36538714,0.37105697,0.5133635,0.3070824
S,0.3825391,0.32093,0.26765805,0.3286935,0.04156828,0.2539063,0.28883994,0.0,0.2849285,0.11687797,0.20016336,0.15761483,0.22722822,0.25187653,0.34955168,0.09818524,0.17876798,0.18610507,0.37025934,0.10331768
T,0.5202284,0.47235763,0.43096495,0.47838998,0.25529158,0.4202798,0.44742346,0.2849285,0.0,0.31380773,0.37852108,0.3454606,0.39955068,0.4187026,0.4945969,0.29928333,0.3618967,0.3675977,0.51068693,0.3032713
A,0.4074762,0.34835523,0.29723477,0.35580522,0.08027595,0.28403842,0.3175612,0.11687797,0.31380773,0.0,0.23246592,0.19163579,0.25843775,0.2820906,0.375821,0.13460636,0.21193463,0.21897542,0.39569235,0.1395315
V,0.46335584,0.40981048,0.3635111,0.41655785,0.16701323,0.35155928,0.38192058,0.20016336,0.37852108,0.23246592,0.0,0.26787096,0.3283729,0.3497951,0.434686,0.21621978,0.28625542,0.29263222,0.45268333,0.22068048
I,0.43480825,0.37841445,0.32965207,0.38552076,0.12270123,0.31706446,0.34904093,0.15761483,0.3454606,0.19163579,0.26787096,0.0,0.29264468,0.31520647,0.40461326,0.17452544,0.24828666,0.25500274,0.423568,0.17922342
L,0.4815148,0.42978132,0.38504857,0.43630034,0.19519979,0.37350118,0.40283513,0.22722822,0.39955068,0.25843775,0.3283729,0.29264468,0.0,0.37179673,0.45381504,0.24274135,0.3104071,0.31656814,0.47120345,0.24705106
M,0.49805242,0.44796896,0.40466303,0.45428014,0.22086966,0.39348394,0.42188227,0.25187653,0.4187026,0.2820906,0.3497951,0.31520647,0.37179673,0.0,0.47123617,0.26689482,0.33240235,0.33836687,0.4880699,0.27106714
P,0.5635868,0.52004224,0.48239034,0.5255294,0.3225931,0.4726708,0.49736142,0.34955168,0.4945969,0.375821,0.434686,0.40461326,0.45381504,0.47123617,0.0,0.36260915,0.419564,0.4247498,0.55490756,0.36623675
G,0.39493442,0.33456206,0.2823596,0.34216976,0.06080848,0.26888388,0.30311626,0.09818524,0.29928333,0.13460636,0.21621978,0.17452544,0.24274135,0.26689482,0.36260915,0.0,0.19525391,0.20244378,0.3829012,0.12131828
Y,0.44900078,0.39402306,0.3464852,0.40095097,0.14473104,0.33421367,0.36538714,0.17876798,0.3618967,0.21193463,0.28625542,0.24828666,0.3104071,0.33240235,0.419564,0.19525391,0.0,0.27371037,0.43804276,0.19983393
F,0.45392358,0.39943707,0.3523239,0.40630305,0.1523723,0.34016198,0.37105697,0.18610507,0.3675977,0.21897542,0.29263222,0.25500274,0.31656814,0.33836687,0.4247498,0.20244378,0.27371037,0.0,0.4430635,0.20698285
W,0.57748044,0.5353222,0.498869,0.54063463,0.344159,0.48945886,0.5133635,0.37025934,0.51068693,0.39569235,0.45268333,0.423568,0.47120345,0.4880699,0.55490756,0.3829012,0.43804276,0.4430635,0.0,0.38641322
C,0.398378,0.33834922,0.28644383,0.34591365,0.066153646,0.27304488,0.3070824,0.10331768,0.3032713,0.1395315,0.22068048,0.17922342,0.24705106,0.27106714,0.36623675,0.12131828,0.19983393,0.20698285,0.38641322,0.0
