,R,K,E,D,Q,N,H,S,T,A,V,I,L,M,P,G,Y,F,W,C
R,0.0,0.44022226,0.4964714,0.4646411,0.2682386,0.23186606,0.2756362,0.25625718,0.24822319,0.26299793,0.23027825,0.25715643,0.2886852,0.23405671,0.27370787,0.25022364,0.27337617,0.3060819,0.34732527,0.25526023
K,0.44022226,0.0,0.52473736,0.49469388,0.30931658,0.2749858,0.3162989,0.29800773,0.29042476,0.30437005,0.27348715,0.2988565,0.32861537,0.27705353,0.3144788,0.29231286,0.3141657,0.3450355,0.38396358,0.29706675
E,0.4964714,0.52473736,0.0,0.54546946,0.37871975,0.3478387,0.38500047,0.36854726,0.36172628,0.37427032,0.34649062,0.3693108,0.3960793,0.34969866,0.38336325,0.36342466,0.38308161,0.4108495,0.44586593,0.36770087
D,0.4646411,0.49469388,0.54546946,0.0,0.33944583,0.30661267,0.34612358,0.32863033,0.3213781,0.33471513,0.30517936,0.32944208,0.35790277,0.30859017,0.34438288,0.3231839,0.3440835,0.37360662,0.41083658,0.32773036
Q,0.2682386,0.30931658,0.37871975,0.33944583,0.0,0.052235663,0.106241584,0.082330704,0.072417974,0.09064776,0.050276518,0.083440304,0.12234211,0.054938614,0.103862286,0.0748862,0.10345304,0.14380711,0.1946953,0.08110064
N,0.23186606,0.2749858,0.3478387,0.30661267,0.052235663,0.0,0.06181687,0.036717534,0.026312053,0.045448005,0.0030700564,0.03788221,0.07871765,0.007963896,0.059319317,0.028902948,0.058889687,0.101249635,0.15466726,0.03542626
H,0.2756362,0.3162989,0.38500047,0.34612358,0.106241584,0.06181687,0.0,0.09160769,0.081795156,0.0998407,0.059877574,0.092706025,0.13121462,0.06449252,0.112921596,0.08423841,0.11251646,0.1524626,0.20283633,0.09039003
S,0.25625718,0.29800773,0.36854726,0.32863033,0.082330704,0.036717534,0.09160769,0.0,0.057230294,0.07575858,0.03472632,0.06843305,0.10797185,0.03946477,0.08918947,0.059738934,0.08877349,0.12978828,0.18150973,0.06605512
T,0.24822319,0.29042476,0.36172628,0.3213781,0.072417974,0.026312053,0.081795156,0.057230294,0.0,0.06577486,0.024299324,0.058370173,0.09833604,0.029088974,0.07935077,0.049582124,0.07893032,0.12038821,0.17266828,0.055966556
A,0.26299793,0.30437005,0.37427032,0.33471513,0.09064776,0.045448005,0.0998407,0.07575858,0.06577486,0.0,0.043474853,0.076876104,0.1160565,0.04817033,0.097444355,0.06826073,0.09703219,0.13767529,0.18892789,0.074519694
V,0.23027825,0.27348715,0.34649062,0.30517936,0.050276518,0.0030700564,0.059877574,0.03472632,0.024299324,0.043474853,0.0,0.03589344,0.07681328,0.0059132576,0.057374835,0.026895583,0.05694437,0.09939182,0.15291989,0.033432424
I,0.25715643,0.2988565,0.3693108,0.32944208,0.083440304,0.03788221,0.092706025,0.06843305,0.058370173,0.076876104,0.03589344,0.0,0.10905039,0.04062617,0.090290725,0.060875773,0.08987528,0.13084048,0.18249935,0.06718433
L,0.2886852,0.32861537,0.3960793,0.35790277,0.12234211,0.07871765,0.13121462,0.10797185,0.09833604,0.1160565,0.07681328,0.10905039,0.0,0.08134514,0.12890178,0.10073531,0.12850398,0.16773051,0.21719676,0.10677612
M,0.23405671,0.27705353,0.34969866,0.30859017,0.054938614,0.007963896,0.06449252,0.03946477,0.029088974,0.04817033,0.0059132576,0.04062617,0.08134514,0.0,0.062002063,0.031672478,0.061573744,0.103812814,0.15707809,0.038177192
P,0.27370787,0.3144788,0.38336325,0.34438288,0.103862286,0.059319317,0.112921596,0.08918947,0.07935077,0.097444355,0.057374835,0.090290725,0.12890178,0.062002063,0.0,0.08180058,0.110153854,0.15020633,0.20071423,0.08796853
G,0.25022364,0.29231286,0.36342466,0.3231839,0.0748862,0.028902948,0.08423841,0.059738934,0.049582124,0.06826073,0.026895583,0.060875773,0.10073531,0.031672478,0.08180058,0.0,0.0813812,0.122728765,0.17486978,0.058478534
Y,0.27337617,0.3141657,0.38308161,0.3440835,0.10345304,0.058889687,0.11251646,0.08877349,0.07893032,0.09703219,0.05694437,0.08987528,0.12850398,0.061573744,0.110153854,0.0813812,0.0,0.14981824,0.20034921,0.08755201
F,0.3060819,0.3450355,0.4108495,0.37360662,0.14380711,0.101249635,0.1524626,0.12978828,0.12038821,0.13767529,0.09939182,0.13084048,0.16773051,0.103812814,0.15020633,0.122728765,0.14981824,0.0,0.2363419,0.12862182
W,0.34732527,0.38396358,0.44586593,0.41083658,0.1946953,0.15466726,0.20283633,0.18150973,0.17266828,0.18892789,0.15291989,0.18249935,0.21719676,0.15707809,0.20071423,0.17486978,0.20034921,0.2363419,0.0,0.18041259
C,0.25526023,0.29706675,0.36770087,0.32773036,0.08110064,0.03542626,0.09039003,0.06605512,0.055966556,0.074519694,0.033432424,0.06718433,0.10677612,0.038177192,0.08796853,0.058478534,0.08755201,0.12862182,0.18041259,0.0
