,R,K,E,D,Q,N,H,S,T,A,V,I,L,M,P,G,Y,F,W,C
R,0.0,0.028231442,0.101554334,0.19489998,0.20400995,0.20861834,0.33887917,0.36381918,0.53966105,0.18988311,0.29481804,0.24690938,0.15681934,0.30279815,0.052691698,0.20978928,0.7536042,0.39524525,0.45963418,0.41518825
K,0.028231442,5.9604645e-08,0.09208083,0.21484232,0.2959562,0.20281947,0.31496376,0.37666118,0.49097604,0.24007726,0.3351282,0.27588415,0.16628116,0.2526536,0.056159496,0.23296022,0.7219627,0.38898212,0.40743494,0.35178125
E,0.101554334,0.09208083,0.0,0.10035294,0.36572295,0.16699678,0.2052182,0.21911734,0.46262646,0.16252339,0.23096442,0.17796367,0.16422778,0.24592924,0.12240362,0.09911573,0.72280353,0.37745792,0.4336636,0.3086446
D,0.19489998,0.21484232,0.10035294,0.0,0.2503791,0.04336542,0.13101667,0.06441903,0.30624902,0.024116218,0.04616207,0.04368019,0.12113625,0.18203908,0.15090287,0.029965937,0.5983862,0.23163706,0.36420113,0.2516818
Q,0.20400995,0.2959562,0.36572295,0.2503791,0.0,0.23073494,0.2614609,0.2942508,0.319714,0.15593523,0.17853159,0.16752738,0.116677344,0.28416568,0.15593904,0.26388627,0.39888984,0.18254477,0.28327638,0.38015783
N,0.20861834,0.20281947,0.16699678,0.04336542,0.23073494,5.9604645e-08,0.14439541,0.1282847,0.25670052,0.040142357,0.06706464,0.06988579,0.12429577,0.10893953,0.12225723,0.11474383,0.53847086,0.19743687,0.3143776,0.2811429
H,0.33887917,0.31496376,0.2052182,0.13101667,0.2614609,0.14439541,0.0,0.0927974,0.1014843,0.15206307,0.10930616,0.07084811,0.076869726,0.09325755,0.20272654,0.12435007,0.23993629,0.08138853,0.10666573,0.10903615
S,0.36381918,0.37666118,0.21911734,0.06441903,0.2942508,0.1282847,0.0927974,1.1920929e-07,0.20672876,0.10630894,0.0805763,0.084184825,0.17890912,0.25944722,0.3041224,0.07962459,0.4332266,0.21773243,0.3085345,0.21241802
T,0.53966105,0.49097598,0.4626264,0.30624902,0.31971407,0.25670052,0.10148424,0.2067287,0.0,0.30985105,0.21099067,0.1918022,0.18805772,0.16955817,0.34571296,0.2831272,0.0930711,0.07387161,0.052037716,0.10077131
A,0.18988311,0.24007726,0.16252339,0.024116218,0.15593523,0.040142357,0.15206307,0.10630894,0.30985105,0.0,0.024279237,0.029689252,0.09867126,0.16569108,0.12704086,0.06563848,0.56540644,0.18995976,0.3501085,0.29914302
V,0.2948181,0.3351282,0.23096442,0.04616207,0.17853153,0.06706452,0.109306216,0.08057636,0.21099067,0.024279237,0.0,0.010296881,0.09599382,0.14665735,0.18356538,0.06166345,0.444857,0.11600202,0.26719582,0.21296138
I,0.24690938,0.27588415,0.17796367,0.04368019,0.16752738,0.06988579,0.07084811,0.084184825,0.1918022,0.029689252,0.010296881,0.0,0.052162588,0.110054076,0.135194,0.04480529,0.4072963,0.09312481,0.21525061,0.1694535
L,0.15681934,0.16628116,0.16422778,0.12113625,0.116677344,0.12429577,0.076869726,0.17890912,0.18805772,0.09867126,0.09599388,0.052162588,0.0,0.08365792,0.05473149,0.105501115,0.34225017,0.07093006,0.1287477,0.13522947
M,0.30279815,0.2526536,0.24592924,0.18203908,0.28416568,0.10893953,0.09325755,0.25944722,0.16955817,0.16569108,0.14665735,0.110054076,0.08365792,1.1920929e-07,0.12183499,0.21212322,0.342233,0.08405632,0.1279468,0.17109793
P,0.052691698,0.056159496,0.12240362,0.15090287,0.15593904,0.12225723,0.20272654,0.3041224,0.34571296,0.12704086,0.18356538,0.135194,0.05473149,0.12183499,0.0,0.16406637,0.545485,0.2036959,0.26467144,0.26642466
G,0.20978928,0.23296022,0.09911573,0.029965937,0.26388627,0.11474383,0.12435007,0.07962459,0.2831272,0.06563848,0.06166345,0.04480529,0.105501115,0.21212322,0.16406637,0.0,0.5521581,0.20944089,0.32125962,0.1739158
Y,0.7536042,0.7219627,0.72280353,0.5983862,0.39888984,0.53847086,0.23993623,0.43322664,0.0930711,0.56540644,0.444857,0.4072963,0.34225017,0.342233,0.545485,0.5521581,0.0,0.17309779,0.08759427,0.25860363
F,0.39524525,0.38898212,0.37745792,0.23163706,0.18254477,0.19743687,0.08138853,0.21773243,0.07387161,0.18995976,0.11600208,0.09312481,0.07093006,0.08405632,0.2036959,0.20944089,0.17309779,0.0,0.048749685,0.10219598
W,0.45963424,0.407435,0.4336636,0.36420113,0.28327638,0.31437767,0.10666573,0.3085345,0.052037776,0.3501085,0.26719582,0.21525061,0.1287477,0.12794673,0.26467144,0.32125962,0.08759427,0.048749685,0.0,0.08553183
C,0.41518825,0.35178125,0.3086446,0.2516818,0.38015783,0.2811429,0.10903615,0.21241802,0.10077131,0.29914302,0.21296138,0.1694535,0.13522947,0.17109793,0.26642466,0.1739158,0.25860363,0.10219598,0.08553183,0.0
