,R,K,E,D,Q,N,H,S,T,A,V,I,L,M,P,G,Y,F,W,C
R,0.0,0.69386405,0.5463537,0.5798624,0.5012331,0.5132661,0.57061505,0.5543307,0.4979636,0.49389738,0.4933492,0.5074231,0.49390793,0.5206175,0.5151936,0.5109815,0.6089966,0.56337655,0.6425137,0.671805
K,0.69386405,0.0,0.4596731,0.49958456,0.40593112,0.42026323,0.48857015,0.46917433,0.4020369,0.39719367,0.39654076,0.41330385,0.39720625,0.42901933,0.42255914,0.41754216,0.53428555,0.47994858,0.5742069,0.6090951
E,0.5463537,0.4596731,0.0,0.25846136,0.11968142,0.14091945,0.24213976,0.2133981,0.113910794,0.10673386,0.1057663,0.13060671,0.106752455,0.1538946,0.14432156,0.13688725,0.30988294,0.22936392,0.3690402,0.4207391
D,0.5798624,0.49958456,0.25846136,0.0,0.18470645,0.20437574,0.29811937,0.2715007,0.17936206,0.17271525,0.17181921,0.19482476,0.17273253,0.21639246,0.2075265,0.20064133,0.36085868,0.2862872,0.41564626,0.46352637
Q,0.5012331,0.40593112,0.11968142,0.18470645,0.0,0.055473566,0.16676146,0.1351611,0.025778592,0.01788783,0.016824067,0.044135094,0.017908275,0.06973928,0.059214056,0.05104029,0.24124253,0.15271491,0.30628365,0.3631246
N,0.5132661,0.42026323,0.14091945,0.20437574,0.055473566,0.0,0.18686366,0.15602571,0.049282074,0.04158169,0.040543556,0.06719571,0.041601658,0.09218216,0.08191091,0.07393432,0.25954783,0.17315596,0.32301986,0.3784895
H,0.57061505,0.48857015,0.24213976,0.29811937,0.16676146,0.18686366,0.0,0.25546616,0.16129947,0.15450639,0.15359056,0.17710245,0.15452397,0.1991449,0.19008386,0.18304712,0.3467909,0.2705781,0.4027844,0.4517184
S,0.5543307,0.46917433,0.2133981,0.2715007,0.1351611,0.15602571,0.25546616,0.0,0.12949198,0.12244123,0.12149072,0.14589429,0.12245953,0.1687727,0.15936798,0.15206438,0.3220181,0.24291492,0.38013512,0.43092495
T,0.4979636,0.4020369,0.113910794,0.17936206,0.025778592,0.049282074,0.16129947,0.12949198,0.0,0.011449933,0.010379195,0.037869275,0.011470556,0.06364131,0.05304706,0.044819772,0.23626876,0.14716083,0.3017363,0.35894984
A,0.49389738,0.39719367,0.10673386,0.17271525,0.01788783,0.04158169,0.15450639,0.12244123,0.011449933,0.0,0.0023636818,0.030076444,0.003463924,0.056057215,0.045377195,0.03708321,0.23008287,0.14025319,0.29608065,0.35375762
V,0.4933492,0.39654076,0.1057663,0.17181921,0.016824067,0.040543556,0.15359056,0.12149072,0.010379195,0.0023636818,0.0,0.029025853,0.0023844838,0.055034757,0.044343174,0.036040246,0.22924894,0.13932198,0.2953182,0.35305762
I,0.5074231,0.41330385,0.13060671,0.19482476,0.044135094,0.06719571,0.17710245,0.14589429,0.037869275,0.030076444,0.029025853,0.0,0.03009665,0.081284344,0.07088977,0.062817454,0.25065917,0.16323024,0.31489313,0.37102866
L,0.49390793,0.39720625,0.106752455,0.17273253,0.017908275,0.041601658,0.15452397,0.12245953,0.011470556,0.003463924,0.0023844838,0.03009665,0.0,0.056076884,0.045397103,0.037103295,0.2300989,0.14027113,0.2960953,0.3537711
M,0.5206175,0.42901933,0.1538946,0.21639246,0.06973928,0.09218216,0.1991449,0.1687727,0.06364131,0.056057215,0.055034757,0.081284344,0.056076884,0.0,0.09577727,0.0879212,0.27073133,0.18564427,0.33324468,0.3878765
P,0.5151936,0.42255914,0.14432156,0.2075265,0.059214056,0.08191091,0.19008386,0.15936798,0.05304706,0.045377195,0.044343174,0.07088977,0.045397103,0.09577727,0.0,0.07760173,0.2624802,0.17643046,0.32570082,0.3809508
G,0.5109815,0.41754216,0.13688725,0.20064133,0.05104029,0.07393432,0.18304712,0.15206438,0.044819772,0.03708321,0.036040246,0.062817454,0.037103295,0.0879212,0.07760173,0.0,0.25607246,0.1692751,0.31984234,0.37557238
Y,0.6089966,0.53428555,0.30988294,0.36085868,0.24124253,0.25954783,0.3467909,0.3220181,0.23626876,0.23008287,0.22924894,0.25065917,0.2300989,0.27073133,0.2624802,0.25607246,0.0,0.33577925,0.45616794,0.5007279
F,0.56337655,0.47994858,0.22936392,0.2862872,0.15271491,0.17315596,0.2705781,0.24291492,0.14716083,0.14025319,0.13932198,0.16323024,0.14027113,0.18564427,0.17643046,0.1692751,0.33577925,0.0,0.39271665,0.44247556
W,0.6425137,0.5742069,0.3690402,0.41564626,0.30628365,0.32301986,0.4027844,0.38013512,0.3017363,0.29608065,0.2953182,0.31489313,0.2960953,0.33324468,0.32570082,0.31984234,0.45616794,0.39271665,0.0,0.5435258
C,0.671805,0.6090951,0.4207391,0.46352637,0.3631246,0.3784895,0.4517184,0.43092495,0.35894984,0.35375762,0.35305762,0.37102866,0.3537711,0.3878765,0.3809508,0.37557238,0.5007279,0.44247556,0.5435258,0.0
