,R,K,E,D,Q,N,H,S,T,A,V,I,L,M,P,G,Y,F,W,C
R,0.0,0.6387514,0.60445833,0.4464662,0.60473025,0.47027332,0.44624186,0.47534984,0.4870844,0.49958694,0.45256615,0.4421463,0.4950657,0.47942257,0.5892757,0.44231635,0.51503557,0.44208097,0.45594513,0.46823764
K,0.6387514,0.0,0.54156953,0.35845762,0.54188466,0.38604993,0.35819763,0.39193356,0.4055339,0.42002422,0.36552745,0.3534509,0.41478413,0.3966539,0.523973,0.353648,0.4379291,0.35337514,0.3694436,0.3836906
E,0.60445833,0.54156953,0.0,0.29755646,0.4983961,0.3277681,0.2972718,0.33421022,0.3491016,0.36496753,0.30529743,0.29207444,0.35922998,0.33937865,0.47878402,0.2922902,0.3845721,0.29199147,0.30958533,0.32518476
D,0.4464662,0.35845762,0.29755646,0.0,0.29803938,0.05925703,0.016579509,0.06827241,0.089111924,0.11131513,0.027810872,0.009306192,0.10328585,0.0755052,0.27059364,0.009608209,0.13875043,0.009190142,0.03381151,0.05564189
Q,0.60473025,0.54188466,0.4983961,0.29803938,0.0,0.32823026,0.29775488,0.33466798,0.3495491,0.36540413,0.30577505,0.2925611,0.35967052,0.33983284,0.47914237,0.29277676,0.38499522,0.29247826,0.31006002,0.32564873
N,0.47027332,0.38604993,0.3277681,0.05925703,0.32823026,0.0,0.05887574,0.10834539,0.12828857,0.14953691,0.06962407,0.051915288,0.14185292,0.1152671,0.30196488,0.05220425,0.17579216,0.051804185,0.075366616,0.096258104
H,0.44624186,0.35819763,0.2972718,0.016579509,0.29775488,0.05887574,0.0,0.06789476,0.08874267,0.11095494,0.027416825,0.0089046955,0.10292238,0.07513052,0.270298,0.009206772,0.13840133,0.008788586,0.033419907,0.05525911
S,0.47534984,0.39193356,0.33421022,0.06827241,0.33466798,0.10834539,0.06789476,0.0,0.1366424,0.15768707,0.07854003,0.061001003,0.15007669,0.12374568,0.3086543,0.061287224,0.18369073,0.060890973,0.08422762,0.10491884
T,0.4870844,0.4055339,0.3491016,0.089111924,0.3495491,0.12828857,0.08874267,0.1366424,0.0,0.17652667,0.09914988,0.08200312,0.16908652,0.14334446,0.3241173,0.08228296,0.2019487,0.08189559,0.10471022,0.12493867
A,0.49958694,0.42002422,0.36496753,0.11131513,0.36540413,0.14953691,0.11095494,0.15768707,0.17652667,0.0,0.12110847,0.104379654,0.18934035,0.16422576,0.3405922,0.10465264,0.22140157,0.10427475,0.12653327,0.14626867
V,0.45256615,0.36552745,0.30529743,0.027810872,0.30577505,0.06962407,0.027416825,0.07854003,0.09914988,0.12110847,0.0,0.020223677,0.11316764,0.08569318,0.2786317,0.020522356,0.1482414,0.020108879,0.044458926,0.06604874
I,0.4421463,0.3534509,0.29207444,0.009306192,0.2925611,0.051915288,0.0089046955,0.061001003,0.08200312,0.104379654,0.020223677,0.0,0.09628767,0.06829023,0.26490116,0.0018789768,0.132029,0.0014576316,0.026271164,0.048271894
L,0.4950657,0.41478413,0.35922998,0.10328585,0.35967052,0.14185292,0.10292238,0.15007669,0.16908652,0.18934035,0.11316764,0.09628767,0.0,0.1566745,0.33463442,0.09656316,0.21436685,0.09618181,0.118641436,0.13855517
M,0.47942257,0.3966539,0.33937865,0.0755052,0.33983284,0.1152671,0.07513052,0.12374568,0.14334446,0.16422576,0.08569318,0.06829023,0.1566745,0.0,0.3140211,0.06857425,0.1900276,0.0681811,0.09133655,0.11186719
P,0.5892757,0.523973,0.47878402,0.27059364,0.47914237,0.30196488,0.270298,0.3086543,0.3241173,0.3405922,0.2786317,0.26490116,0.33463442,0.3140211,0.0,0.26512527,0.36094928,0.26481503,0.2830842,0.29928243
G,0.44231635,0.353648,0.2922902,0.009608209,0.29277676,0.05220425,0.009206772,0.061287224,0.08228296,0.10465264,0.020522356,0.0018789768,0.09656316,0.06857425,0.26512527,0.0,0.13229358,0.0017620325,0.026567996,0.04856199
Y,0.51503557,0.4379291,0.3845721,0.13875043,0.38499522,0.17579216,0.13840133,0.18369073,0.2019487,0.22140157,0.1482414,0.132029,0.21436685,0.1900276,0.36094928,0.13229358,0.0,0.13192731,0.15349871,0.17262483
F,0.44208097,0.35337514,0.29199147,0.009190142,0.29247826,0.051804185,0.008788586,0.060890973,0.08189559,0.10427475,0.020108879,0.0014576316,0.09618181,0.0681811,0.26481503,0.0017620325,0.13192731,0.0,0.026157081,0.048160374
W,0.45594513,0.3694436,0.30958533,0.03381151,0.31006002,0.075366616,0.033419907,0.08422762,0.10471022,0.12653327,0.044458926,0.026271164,0.118641436,0.09133655,0.2830842,0.026567996,0.15349871,0.026157081,0.0,0.071813345
C,0.46823764,0.3836906,0.32518476,0.05564189,0.32564873,0.096258104,0.05525911,0.10491884,0.12493867,0.14626867,0.06604874,0.048271894,0.13855517,0.11186719,0.29928243,0.04856199,0.17262483,0.048160374,0.071813345,0.0
