,R,K,E,D,Q,N,H,S,T,A,V,I,L,M,P,G,Y,F,W,C
R,1.1920929e-07,0.09966689,0.13851458,0.07107407,0.3067385,0.109606445,0.26029038,0.31122625,0.3513031,0.29478496,0.12353492,0.110013604,0.0955233,0.27709776,0.2173481,0.21852916,0.14700848,0.08470619,0.21690369,0.2432751
K,0.09966689,1.1920929e-07,0.092004,0.04914087,0.32583642,0.058661163,0.10356039,0.41114676,0.53120995,0.44848055,0.11780417,0.048024774,0.045975566,0.18270946,0.4094305,0.27334386,0.23834193,0.042618036,0.16328728,0.45422143
E,0.13851458,0.092004,1.1920929e-07,0.06920254,0.2262221,0.031335473,0.10460389,0.41335583,0.5816484,0.38176966,0.10902691,0.07283592,0.033257306,0.33630878,0.33290744,0.16876853,0.15384752,0.028597772,0.38824475,0.37664944
D,0.07107407,0.04914087,0.06920254,0.0,0.368338,0.05141437,0.16315192,0.39646608,0.5320201,0.38505542,0.15628397,0.028716028,0.012626767,0.30166197,0.34937036,0.24511993,0.25115132,0.026504338,0.23719954,0.3861574
Q,0.3067385,0.32583642,0.2262221,0.368338,0.0,0.21372461,0.20019734,0.27551937,0.39116102,0.2892819,0.11456871,0.42300147,0.3341425,0.27505457,0.23086798,0.08512467,0.06612444,0.26300925,0.56299937,0.2660284
N,0.109606445,0.058661163,0.031335473,0.05141437,0.21372461,5.9604645e-08,0.098965466,0.3543759,0.49382138,0.34568155,0.07385552,0.08349681,0.03540021,0.25336725,0.3034283,0.14010912,0.14486933,0.02351302,0.29163247,0.34122068
H,0.26029038,0.10356039,0.10460389,0.16315192,0.20019734,0.098965466,-1.1920929e-07,0.29470605,0.49277568,0.35192817,0.085556746,0.14162701,0.11679995,0.13302529,0.36385417,0.15887612,0.2598095,0.08310974,0.28114092,0.41900414
S,0.31122625,0.41114676,0.41335583,0.39646608,0.27551937,0.3543759,0.29470605,1.1920929e-07,0.05165267,0.026598394,0.15682894,0.40503514,0.38560826,0.16481191,0.061674953,0.11321592,0.33316237,0.30843568,0.2827245,0.07377857
T,0.35130304,0.53120995,0.58164847,0.5320201,0.39116102,0.49382144,0.49277568,0.05165267,0.0,0.07216537,0.25661987,0.54618645,0.53896827,0.24388832,0.08355665,0.23232096,0.39301294,0.45511097,0.3003291,0.078258514
A,0.29478496,0.44848055,0.38176966,0.38505542,0.2892819,0.34568155,0.35192817,0.026598394,0.07216537,0.0,0.1736626,0.39561623,0.3689412,0.27346146,0.020492077,0.09918916,0.30312234,0.3015527,0.36153322,0.023337662
V,0.12353492,0.11780417,0.10902691,0.15628397,0.11456871,0.07385546,0.085556805,0.15682894,0.25661987,0.1736626,5.9604645e-08,0.1615529,0.125759,0.11355543,0.14400119,0.05366069,0.099921346,0.072981894,0.2299335,0.1779511
I,0.110013604,0.048024774,0.07283592,0.028716028,0.42300147,0.08349681,0.14162701,0.40503514,0.5461865,0.39561623,0.16155285,5.9604645e-08,0.014574468,0.28198928,0.37599993,0.28476763,0.3089106,0.027608275,0.20267397,0.41524762
L,0.0955233,0.045975566,0.033257306,0.012626767,0.3341425,0.03540021,0.11679995,0.38560826,0.5389682,0.3689412,0.125759,0.014574468,0.0,0.28828144,0.33938164,0.21489775,0.23509306,0.0083809495,0.2542032,0.37956297
M,0.27709776,0.18270946,0.33630878,0.30166197,0.27505457,0.25336725,0.13302529,0.16481191,0.24388826,0.27346146,0.11355543,0.28198928,0.28828144,1.1920929e-07,0.29625583,0.22353065,0.33532166,0.22340423,0.111781836,0.33233678
P,0.2173481,0.4094305,0.33290744,0.34937036,0.23086798,0.3034283,0.36385417,0.061674953,0.08355665,0.020492077,0.14400119,0.37599993,0.33938164,0.29625583,5.9604645e-08,0.084836185,0.19926172,0.27416712,0.38137245,0.003436625
G,0.21852916,0.27334386,0.16876853,0.24511993,0.08512467,0.14010912,0.15887612,0.11321592,0.23232096,0.09918916,0.05366069,0.28476763,0.21489775,0.22353065,0.084836185,5.9604645e-08,0.11863184,0.15400505,0.4023649,0.11030221
Y,0.14700848,0.23834193,0.15384746,0.25115132,0.06612444,0.14486933,0.2598095,0.33316237,0.39301294,0.30312234,0.099921405,0.30891067,0.23509306,0.33532166,0.19926172,0.11863184,0.0,0.18759,0.49029565,0.22601241
F,0.08470619,0.042618036,0.028597772,0.026504338,0.26300925,0.02351302,0.08310974,0.30843568,0.45511097,0.3015527,0.072981894,0.027608275,0.0083809495,0.22340423,0.27416712,0.15400505,0.18759,0.0,0.22883356,0.3141182
W,0.21690369,0.16328728,0.3882448,0.23719954,0.56299937,0.29163247,0.28114092,0.2827245,0.3003291,0.36153322,0.2299335,0.20267403,0.25420314,0.11178172,0.38137245,0.4023649,0.49029565,0.22883356,1.1920929e-07,0.40294427
C,0.2432751,0.45422143,0.37664944,0.3861574,0.2660284,0.34122068,0.41900414,0.07377857,0.078258514,0.023337662,0.1779511,0.41524762,0.37956297,0.33233678,0.003436625,0.11030221,0.22601241,0.3141182,0.40294427,0.0
