,R,K,E,D,Q,N,H,S,T,A,V,I,L,M,P,G,Y,F,W,C
R,0.0,0.26216882,0.18979132,0.27783024,0.19496113,0.19512194,0.18965203,0.28267628,0.39515847,0.20186031,0.32717234,0.28182042,0.25341958,0.34448862,0.28489923,0.1924606,0.20996547,0.3457781,0.32331425,0.28713888
K,0.26216882,0.0,0.09190786,0.19058305,0.097702265,0.09788251,0.091751754,0.19601452,0.32208598,0.105434954,0.24588627,0.19505525,0.16322327,0.2652946,0.19850606,0.094899654,0.11451936,0.2667399,0.24156213,0.20101625
E,0.18979132,0.09190786,0.0,0.111183345,0.009191394,0.009389341,0.002657175,0.117147624,0.25558603,0.017682612,0.17191154,0.11609423,0.08113968,0.19322371,0.11988354,0.006113887,0.027658165,0.19481075,0.1671632,0.122639954
D,0.27783024,0.19058305,0.111183345,0.0,0.11685473,0.11703116,0.11103052,0.21308023,0.3364756,0.124423265,0.26189333,0.21214128,0.18098497,0.2808897,0.21551883,0.11411166,0.13331485,0.2823043,0.25766098,0.21797574
Q,0.19496113,0.097702265,0.009191394,0.11685473,0.0,0.015710294,0.009021103,0.12278098,0.26033604,0.023950636,0.17719543,0.12173426,0.087002814,0.19837159,0.12549943,0.012455702,0.03386253,0.19994855,0.17247736,0.12823826
N,0.19512194,0.09788251,0.009389341,0.11703116,0.015710294,0.0,0.00921905,0.12295622,0.2604838,0.024145663,0.17735982,0.12190974,0.087185204,0.1985318,0.12567413,0.012653053,0.03405553,0.20010841,0.17264271,0.12841243
H,0.18965203,0.091751754,0.002657175,0.11103052,0.009021103,0.00921905,0.0,0.11699587,0.25545806,0.017513752,0.1717692,0.1159423,0.08098173,0.19308501,0.11973226,0.00594306,0.027491033,0.19467235,0.16702002,0.122489154
S,0.28267628,0.19601452,0.117147624,0.21308023,0.12278098,0.12295622,0.11699587,0.0,0.34092808,0.13029873,0.2668463,0.21742809,0.18648088,0.28571522,0.220783,0.12005627,0.13913065,0.28712028,0.26264232,0.22322339
T,0.39515847,0.32208598,0.25558603,0.3364756,0.26033604,0.2604838,0.25545806,0.34092808,0.0,0.26667494,0.38181078,0.3401417,0.31404728,0.39772087,0.34297055,0.25803858,0.27412194,0.39890563,0.37826598,0.34502828
A,0.20186031,0.105434954,0.017682612,0.124423265,0.023950636,0.024145663,0.017513752,0.13029873,0.26667494,0.0,0.18424684,0.12926102,0.094827175,0.20524156,0.13299388,0.020918965,0.042142272,0.20680499,0.17956924,0.13570923
V,0.32717234,0.24588627,0.17191154,0.26189333,0.17719543,0.17735982,0.1717692,0.2668463,0.38181078,0.18424684,0.0,0.26597154,0.23694396,0.33002275,0.2691183,0.17463976,0.19253093,0.33134067,0.30838108,0.27140737
I,0.28182042,0.19505525,0.11609423,0.21214128,0.12173426,0.12190974,0.1159423,0.21742809,0.3401417,0.12926102,0.26597154,0.0,0.18551022,0.28486294,0.21985322,0.119006336,0.13810349,0.28626972,0.26176256,0.2222966
L,0.25341958,0.16322327,0.08113968,0.18098497,0.087002814,0.087185204,0.08098173,0.18648088,0.31404728,0.094827175,0.23694396,0.18551022,0.0,0.25658244,0.18900192,0.084167,0.104019284,0.2580449,0.23256856,0.19154191
M,0.34448862,0.2652946,0.19322371,0.2808897,0.19837159,0.1985318,0.19308501,0.28571522,0.39772087,0.20524156,0.33002275,0.28486294,0.25658244,0.0,0.28792876,0.19588172,0.21331245,0.34854972,0.32618105,0.29015887
P,0.28489923,0.19850606,0.11988354,0.21551883,0.12549943,0.12567413,0.11973226,0.220783,0.34297055,0.13299388,0.2691183,0.21985322,0.18900192,0.28792876,0.0,0.122783184,0.14179844,0.28932947,0.2649274,0.22563058
G,0.1924606,0.094899654,0.006113887,0.11411166,0.012455702,0.012653053,0.00594306,0.12005627,0.25803858,0.020918965,0.17463976,0.119006336,0.084167,0.19588172,0.122783184,0.0,0.030861616,0.19746357,0.16990703,0.12553054
Y,0.20996547,0.11451936,0.027658165,0.13331485,0.03386253,0.03405553,0.027491033,0.13913065,0.27412194,0.042142272,0.19253093,0.13810349,0.104019284,0.21331245,0.14179844,0.030861616,0.0,0.21485996,0.18790078,0.14448625
F,0.3457781,0.2667399,0.19481075,0.2823043,0.19994855,0.20010841,0.19467235,0.28712028,0.39890563,0.20680499,0.33134067,0.28626972,0.2580449,0.34854972,0.28932947,0.19746357,0.21485996,0.0,0.32750654,0.29155523
W,0.32331425,0.24156213,0.1671632,0.25766098,0.17247736,0.17264271,0.16702002,0.26264232,0.37826598,0.17956924,0.30838108,0.26176256,0.23256856,0.32618105,0.2649274,0.16990703,0.18790078,0.32750654,0.0,0.26722956
C,0.28713888,0.20101625,0.122639954,0.21797574,0.12823826,0.12841243,0.122489154,0.22322339,0.34502828,0.13570923,0.27140737,0.2222966,0.19154191,0.29015887,0.22563058,0.12553054,0.14448625,0.29155523,0.26722956,0.0
