,R,K,E,D,Q,N,H,S,T,A,V,I,L,M,P,G,Y,F,W,C
R,0.0,0.11426312,0.3204428,0.08845651,0.21006602,0.1543802,0.1286614,0.20852071,0.19821042,0.3809018,0.24975032,0.1177845,0.14739507,0.12048948,0.26622897,0.23389041,0.04339868,0.076269746,0.041499436,0.3074143
K,0.11426312,5.9604645e-08,0.2081477,0.055271745,0.084174454,0.07913697,0.05618632,0.19467705,0.08808792,0.23476243,0.11886215,0.022275507,0.06755495,0.04489392,0.14747053,0.12925786,0.056366086,0.043902278,0.08223796,0.14505559
E,0.3204428,0.2081477,5.9604645e-08,0.22901511,0.23323548,0.21851605,0.2608773,0.1640135,0.22043633,0.35023737,0.21113956,0.24599218,0.26592016,0.24698663,0.25560582,0.2059496,0.30020976,0.32953042,0.35832256,0.2732373
D,0.08845651,0.055271745,0.22901511,0.0,0.065746725,0.02794516,0.03027302,0.12658453,0.049090743,0.19451326,0.08548856,0.034065664,0.039972246,0.023866951,0.10135114,0.11502969,0.11470944,0.075956404,0.08916825,0.10816139
Q,0.21006602,0.084174454,0.23323548,0.065746725,1.7881393e-07,0.022110045,0.01813966,0.076863706,0.0074680448,0.044410467,0.010411382,0.03893715,0.009894371,0.017475486,0.019911647,0.023162127,0.17342186,0.08756721,0.12921137,0.0163244
N,0.1543802,0.07913697,0.21851605,0.02794516,0.022110045,0.0,0.009220779,0.06910753,0.00591588,0.09521133,0.021606266,0.04354447,0.0153951645,0.018392563,0.027915716,0.040475607,0.16504264,0.08294922,0.1277991,0.037320554
H,0.1286614,0.05618632,0.2608773,0.03027302,0.01813966,0.009220779,5.9604645e-08,0.091076076,0.013114393,0.09678805,0.032471776,0.02309364,0.0046439767,0.0057168007,0.038646817,0.043935895,0.1186651,0.043575883,0.08193749,0.04636258
S,0.20852071,0.19467705,0.1640135,0.12658453,0.076863706,0.06910753,0.091076076,-1.1920929e-07,0.067837715,0.10869604,0.05356902,0.15431094,0.09050256,0.10116857,0.05661285,0.035732806,0.24135739,0.18473262,0.19424433,0.09509158
T,0.19821036,0.08808792,0.22043633,0.049090743,0.0074680448,0.0059158206,0.013114393,0.067837715,5.9604645e-08,0.059602857,0.0074809194,0.04552555,0.012050509,0.019880474,0.014555395,0.025901377,0.1867404,0.0944252,0.14449632,0.016689956
A,0.3809018,0.23476243,0.35023737,0.19451326,0.044410467,0.09521133,0.09678805,0.10869604,0.059602857,0.0,0.03957492,0.14994925,0.07448697,0.10661143,0.034309566,0.04548937,0.33693475,0.20142138,0.25577813,0.026856184
V,0.24975032,0.11886215,0.21113962,0.08548856,0.010411441,0.021606266,0.032471836,0.05356896,0.0074809194,0.03957492,0.0,0.07713801,0.029919028,0.042452812,0.004036069,0.011900365,0.23065686,0.13090783,0.1857028,0.008243918
I,0.1177845,0.022275507,0.24599218,0.034065664,0.03893715,0.04354447,0.02309364,0.15431094,0.04552549,0.14994925,0.07713795,0.0,0.020564497,0.010745287,0.09967345,0.093069255,0.072123945,0.029737473,0.05979711,0.09190041
L,0.14739507,0.06755495,0.26592016,0.039972246,0.009894371,0.0153951645,0.0046439767,0.09050256,0.012050509,0.07448697,0.029919028,0.020564497,-1.1920929e-07,0.004342377,0.038563013,0.041858196,0.12664425,0.049343824,0.081593394,0.040139854
M,0.12048948,0.04489392,0.24698663,0.023866951,0.017475486,0.018392563,0.0057168007,0.10116857,0.019880474,0.10661143,0.042452812,0.010745287,0.004342377,0.0,0.055577993,0.057465315,0.10136986,0.042601466,0.06594217,0.056949854
P,0.26622897,0.14747053,0.25560582,0.10135114,0.019911647,0.027915716,0.038646817,0.05661285,0.014555395,0.034309566,0.0040359497,0.09967345,0.038563013,0.055577993,-1.1920929e-07,0.014351487,0.2586063,0.14474869,0.20174843,0.008467793
G,0.23389041,0.12925786,0.2059496,0.11502969,0.023162127,0.040475607,0.043935895,0.035732806,0.025901377,0.04548937,0.011900306,0.093069255,0.041858196,0.057465315,0.014351487,-1.1920929e-07,0.20712996,0.11977005,0.16952074,0.03146714
Y,0.04339868,0.056366086,0.30020976,0.11470944,0.17342186,0.16504264,0.1186651,0.24135739,0.1867404,0.33693475,0.23065686,0.072123945,0.12664425,0.10136986,0.2586063,0.20712996,-1.1920929e-07,0.03366357,0.024256766,0.2782414
F,0.076269746,0.043902278,0.32953042,0.075956404,0.08756721,0.08294922,0.043575883,0.18473262,0.0944252,0.20142138,0.13090783,0.029737473,0.049343824,0.042601466,0.14474869,0.11977005,0.03366357,5.9604645e-08,0.027027607,0.15623456
W,0.041499436,0.08223796,0.3583225,0.08916825,0.12921137,0.1277991,0.08193749,0.19424433,0.14449632,0.25577813,0.1857028,0.05979711,0.081593454,0.06594217,0.20174843,0.16952074,0.024256766,0.027027607,1.7881393e-07,0.22175169
C,0.3074143,0.14505559,0.2732373,0.10816139,0.0163244,0.037320554,0.04636258,0.09509158,0.016689956,0.026856184,0.008243918,0.09190041,0.040139854,0.056949854,0.008467793,0.03146714,0.2782414,0.15623456,0.22175169,0.0
