,R,K,E,D,Q,N,H,S,T,A,V,I,L,M,P,G,Y,F,W,C
R,5.9604645e-08,0.18537849,0.5756502,0.57244337,0.60071254,0.44234532,0.6110238,0.6721497,0.6081042,0.43218422,0.54397726,0.54946685,0.5515709,0.48245823,0.46981978,0.47907227,0.39581853,0.37631702,0.5460675,0.51759195
K,0.18537849,5.9604645e-08,0.5558753,0.490273,0.29076934,0.20910901,0.2541033,0.3435679,0.30735147,0.16158509,0.26923782,0.29484433,0.23833948,0.1723482,0.3274142,0.26860195,0.116113424,0.12370813,0.18073964,0.2890947
E,0.5756502,0.5558753,-1.1920929e-07,0.023490548,0.18320638,0.3740375,0.48861545,0.40752602,0.46769315,0.25861186,0.16442913,0.15334916,0.22393054,0.32520545,0.09108597,0.12972832,0.29773372,0.23349458,0.35230762,0.38178372
D,0.57244337,0.490273,0.023490548,0.0,0.14437354,0.30359566,0.44517136,0.352019,0.4859473,0.16457182,0.105849564,0.102817655,0.1519416,0.21716356,0.037189305,0.06837535,0.21379995,0.17304063,0.2897774,0.37756848
Q,0.60071254,0.29076934,0.18320638,0.14437354,0.0,0.1696009,0.1724649,0.13695979,0.19113314,0.08093774,0.042980075,0.032515705,0.027355075,0.09985381,0.09516698,0.05015993,0.074353635,0.054641962,0.059059978,0.15334171
N,0.44234532,0.20910901,0.3740375,0.30359566,0.1696009,5.9604645e-08,0.15759927,0.11193657,0.21945184,0.10330945,0.21750641,0.2073943,0.1473893,0.12058705,0.15207106,0.16807747,0.08461177,0.09582293,0.10495198,0.14198339
H,0.6110238,0.2541033,0.48861545,0.44517136,0.1724649,0.15759927,0.0,0.060283005,0.24767053,0.2141636,0.2338906,0.31384987,0.19368404,0.15325558,0.29790127,0.24144703,0.189075,0.1640411,0.10272336,0.19917864
S,0.6721497,0.3435679,0.40752602,0.352019,0.13695979,0.11193657,0.060283005,1.7881393e-07,0.25428677,0.18593413,0.24221122,0.25947464,0.18321061,0.1420002,0.23073494,0.20724767,0.17395318,0.16697836,0.13891232,0.22005087
T,0.6081043,0.3073514,0.46769315,0.4859473,0.19113326,0.2194519,0.24767053,0.25428683,0.0,0.3029135,0.33035642,0.24866307,0.25837463,0.36503607,0.39568204,0.35561305,0.2270335,0.2168448,0.15778333,0.11815351
A,0.43218422,0.16158509,0.25861186,0.16457182,0.08093774,0.10330945,0.2141636,0.18593413,0.3029135,0.0,0.05991268,0.066574514,0.04174775,0.021369934,0.068666756,0.044685245,0.010885119,0.018605351,0.08105636,0.24534833
V,0.54397726,0.26923782,0.16442913,0.105849564,0.042980015,0.21750641,0.2338906,0.24221128,0.33035642,0.05991268,0.0,0.039114177,0.017526388,0.07361424,0.06116444,0.017421305,0.075604916,0.05252999,0.08182114,0.22676945
I,0.54946685,0.29484433,0.15334916,0.102817655,0.032515705,0.2073943,0.31384987,0.25947464,0.24866307,0.066574514,0.039114237,0.0,0.032124102,0.12094504,0.07516652,0.042922795,0.06903964,0.061688006,0.10564858,0.20667261
L,0.5515709,0.23833948,0.22393054,0.1519416,0.027355075,0.1473893,0.19368404,0.18321061,0.25837457,0.04174775,0.017526448,0.032124102,-1.1920929e-07,0.055692196,0.07365006,0.02757001,0.04188162,0.03718996,0.03784305,0.15735757
M,0.48245823,0.1723482,0.32520545,0.21716356,0.09985381,0.12058705,0.15325558,0.1420002,0.36503607,0.021369934,0.07361424,0.12094504,0.055692196,-1.1920929e-07,0.10079807,0.061192393,0.035921812,0.043971777,0.08265424,0.27651387
P,0.46981978,0.3274142,0.09108597,0.037189305,0.09516698,0.15207106,0.29790127,0.23073494,0.39568198,0.068666756,0.061164558,0.07516652,0.07365006,0.10079807,-1.1920929e-07,0.019184947,0.100316286,0.07737541,0.16346055,0.2555135
G,0.47907227,0.26860195,0.12972832,0.06837535,0.05015993,0.16807747,0.24144703,0.20724767,0.35561305,0.044685245,0.017421305,0.042922795,0.02757001,0.061192393,0.019184947,0.0,0.0655638,0.04532802,0.10531455,0.22491056
Y,0.39581853,0.116113424,0.29773372,0.21379995,0.074353576,0.08461177,0.189075,0.17395318,0.2270335,0.010885119,0.075604916,0.06903964,0.04188162,0.035921812,0.100316286,0.0655638,0.0,0.010489702,0.052767813,0.18379045
F,0.37631702,0.12370813,0.23349458,0.17304063,0.054641962,0.09582293,0.1640411,0.16697836,0.2168448,0.018605351,0.05252993,0.061688006,0.03718996,0.043971777,0.07737541,0.04532802,0.010489702,-1.1920929e-07,0.049999416,0.16836184
W,0.5460675,0.18073964,0.35230768,0.2897774,0.059059978,0.10495198,0.10272336,0.13891232,0.15778333,0.08105636,0.08182114,0.10564858,0.03784305,0.08265424,0.16346055,0.10531455,0.052767813,0.049999416,0.0,0.09061563
C,0.51759195,0.2890947,0.38178372,0.37756848,0.15334171,0.14198339,0.19917864,0.22005087,0.11815357,0.24534833,0.22676945,0.20667261,0.15735757,0.27651387,0.2555135,0.22491056,0.18379045,0.16836184,0.09061563,0.0
