,R,K,E,D,Q,N,H,S,T,A,V,I,L,M,P,G,Y,F,W,C
R,0.0,0.09119648,0.10463548,0.110934496,0.1288147,0.090581,0.08991736,0.10925895,0.15295261,0.10978305,0.16326475,0.21270818,0.21927422,0.17415255,0.25155717,0.12728834,0.19293123,0.25036365,0.2518062,0.12662905
K,0.09119648,0.0,0.20704293,0.20800555,0.12385315,0.18475115,0.09060192,0.23447132,0.28963906,0.17526537,0.112133145,0.1936087,0.19158173,0.16076308,0.30921835,0.06486195,0.13271153,0.18192178,0.15547317,0.2180416
E,0.10463548,0.20704293,5.9604645e-08,0.06333971,0.15480655,0.1268726,0.17571175,0.17797023,0.15405291,0.14207572,0.23531401,0.16539592,0.16390622,0.14060247,0.3356164,0.21282578,0.23769373,0.25225133,0.2198388,0.17165875
D,0.110934496,0.20800555,0.06333971,0.0,0.076776624,0.035417855,0.08606595,0.051336884,0.07534784,0.053630173,0.16490221,0.25583172,0.13112682,0.12867355,0.40865916,0.2281397,0.23923647,0.2897905,0.33481872,0.11347836
Q,0.1288147,0.12385315,0.15480655,0.076776624,-1.1920929e-07,0.05793476,0.035253763,0.08687687,0.2283057,0.07708508,0.12718159,0.25650895,0.14875036,0.16330743,0.33900243,0.07739556,0.19236505,0.30387068,0.29069543,0.19967413
N,0.090581,0.18475115,0.1268726,0.035417855,0.05793476,0.0,0.0497756,0.01398474,0.12388235,0.026891768,0.16942883,0.2602191,0.14708501,0.16949934,0.3398283,0.17888921,0.2053721,0.34668452,0.39787775,0.100610256
H,0.08991736,0.09060192,0.17571175,0.08606595,0.035253763,0.0497756,5.9604645e-08,0.06998032,0.15067565,0.03892398,0.10155666,0.21846974,0.09550184,0.12543207,0.27667212,0.11061585,0.13157034,0.2595716,0.2842462,0.11117345
S,0.10925895,0.23447132,0.17797023,0.051336884,0.08687687,0.01398474,0.06998032,-1.1920929e-07,0.113595426,0.05095744,0.19383878,0.34964174,0.19989628,0.22252882,0.36880785,0.23401684,0.27065855,0.39545453,0.4752488,0.11778396
T,0.15295273,0.28963912,0.15405291,0.07534784,0.22830582,0.12388229,0.15067565,0.113595545,0.0,0.094138324,0.20973992,0.31024182,0.16647226,0.14342022,0.4640292,0.4105621,0.27923292,0.29084462,0.40034664,0.0714457
A,0.10978305,0.17526537,0.14207572,0.053630173,0.07708508,0.026891768,0.03892398,0.05095744,0.094138324,0.0,0.110251725,0.18072754,0.10721505,0.084614396,0.35622633,0.20419514,0.12098378,0.2520591,0.32274836,0.042197764
V,0.16326475,0.112133086,0.23531401,0.16490221,0.12718165,0.16942888,0.10155666,0.19383878,0.20973992,0.110251725,0.0,0.17516679,0.22520286,0.057764173,0.4715346,0.18024558,0.08411455,0.07650852,0.15587986,0.11873263
I,0.21270818,0.1936087,0.16539592,0.25583172,0.25650895,0.2602191,0.21846974,0.34964174,0.31024188,0.18072754,0.17516667,0.0,0.17542154,0.081884205,0.29508507,0.22134888,0.043427706,0.113174975,0.09737605,0.14904124
L,0.21927422,0.19158173,0.16390622,0.13112682,0.14875036,0.14708501,0.09550184,0.19989628,0.16647226,0.10721505,0.22520286,0.17542154,0.0,0.13110065,0.27640957,0.24634707,0.15494967,0.28543562,0.28630847,0.15011847
M,0.17415255,0.16076308,0.14060247,0.12867355,0.16330743,0.16949934,0.12543207,0.22252882,0.14342022,0.084614396,0.057764113,0.081884205,0.13110065,5.9604645e-08,0.44429368,0.2424413,0.06322968,0.07252735,0.12772208,0.07239717
P,0.25155717,0.30921835,0.3356164,0.40865916,0.33900243,0.3398283,0.27667212,0.36880785,0.4640292,0.35622633,0.4715346,0.29508507,0.27640957,0.44429368,1.1920929e-07,0.2419061,0.30867738,0.48755574,0.3898102,0.3661968
G,0.12728834,0.06486195,0.21282578,0.2281397,0.07739556,0.17888921,0.11061585,0.23401684,0.4105621,0.20419514,0.18024558,0.22134888,0.24634707,0.2424413,0.2419061,0.0,0.18223011,0.29231948,0.20341557,0.30985284
Y,0.19293123,0.13271153,0.23769373,0.23923647,0.19236505,0.2053721,0.13157034,0.27065855,0.27923292,0.12098378,0.08411455,0.043427706,0.15494967,0.0632298,0.30867743,0.18223011,5.9604645e-08,0.09638524,0.13277149,0.10260117
F,0.25036365,0.18192178,0.25225133,0.2897905,0.30387068,0.34668452,0.2595716,0.39545453,0.29084468,0.2520591,0.07650852,0.113174975,0.28543562,0.07252735,0.48755574,0.29231948,0.09638524,0.0,0.055396974,0.18194735
W,0.2518062,0.15547317,0.2198388,0.33481872,0.29069543,0.39787775,0.2842462,0.4752488,0.40034658,0.32274836,0.15587986,0.09737605,0.28630847,0.12772208,0.3898102,0.20341563,0.13277149,0.055396974,1.1920929e-07,0.29599983
C,0.12662905,0.2180416,0.17165875,0.11347836,0.19967413,0.100610256,0.11117345,0.11778396,0.0714457,0.042197764,0.11873263,0.14904124,0.15011847,0.07239717,0.3661968,0.30985284,0.10260117,0.18194735,0.29599983,0.0
