,R,K,E,D,Q,N,H,S,T,A,V,I,L,M,P,G,Y,F,W,C
R,-1.1920929e-07,0.06771648,0.23332965,0.23216414,0.18014562,0.22263247,0.0856722,0.32340235,0.22362864,0.36500275,0.23490638,0.0996955,0.10707569,0.19904608,0.32787347,0.29989457,0.11627841,0.10151929,0.073305964,0.4066248
K,0.06771648,5.9604645e-08,0.41044557,0.405836,0.2820238,0.2292512,0.09429568,0.31787694,0.2501222,0.33791846,0.2702856,0.15334022,0.1654982,0.16137683,0.39531416,0.37721986,0.11406803,0.06444347,0.12915081,0.42919046
E,0.23332965,0.41044557,5.9604645e-08,0.015698314,0.134475,0.23973668,0.30959743,0.50498766,0.27780348,0.5918901,0.40721744,0.24130869,0.24536169,0.35650927,0.4109794,0.37247813,0.3279034,0.3993469,0.35684305,0.53515565
D,0.23216414,0.405836,0.015698314,5.9604645e-08,0.14627385,0.234016,0.24818295,0.42586517,0.24140388,0.4964127,0.36817825,0.19366384,0.21008039,0.320005,0.36052036,0.29924136,0.30234742,0.35206378,0.30893528,0.481596
Q,0.18014562,0.2820238,0.134475,0.14627385,0.0,0.13493854,0.19800901,0.27187496,0.12442309,0.36042053,0.14524448,0.103891015,0.086865366,0.15004146,0.26879144,0.1925376,0.12660885,0.26139855,0.24046588,0.2661357
N,0.22263247,0.2292512,0.23973668,0.234016,0.13493854,1.1920929e-07,0.17306441,0.22888333,0.031004965,0.30050862,0.19924486,0.17058545,0.19264144,0.09133053,0.15041876,0.28643435,0.1136238,0.13527429,0.22877622,0.35102713
H,0.0856722,0.09429568,0.30959743,0.24818295,0.19800901,0.17306441,5.9604645e-08,0.1574387,0.12448281,0.17227066,0.15919209,0.034560204,0.06688565,0.097384155,0.23859262,0.1719544,0.07465565,0.033900082,0.051130056,0.29024988
S,0.32340235,0.31787694,0.50498766,0.42586517,0.27187496,0.22888333,0.1574387,5.9604645e-08,0.114943564,0.010340989,0.045357108,0.13357478,0.14140773,0.06582755,0.083096564,0.05323547,0.08473277,0.15973955,0.23525041,0.05388868
T,0.22362858,0.2501222,0.27780348,0.24140382,0.12442303,0.031004906,0.12448287,0.114943564,0.0,0.17397606,0.100798905,0.10132623,0.12035322,0.055782497,0.078216195,0.15166909,0.0737412,0.113848984,0.16805357,0.22142148
A,0.36500275,0.33791846,0.5918901,0.4964127,0.36042053,0.30050862,0.17227066,0.010340989,0.17397606,0.0,0.08775258,0.17177385,0.18722558,0.10158706,0.124706924,0.08098799,0.124372005,0.17335206,0.26100856,0.07746875
V,0.23490638,0.27028555,0.40721744,0.3681783,0.14524448,0.19924492,0.15919209,0.045357108,0.100798905,0.08775258,0.0,0.08732039,0.06954515,0.064192116,0.10695374,0.046518505,0.04740244,0.174698,0.19160533,0.04568267
I,0.0996955,0.15334022,0.24130869,0.19366384,0.103891015,0.17058545,0.034560204,0.13357478,0.10132623,0.17177385,0.08732039,0.0,0.008537352,0.08798307,0.21042567,0.089021325,0.05948162,0.098974586,0.071676195,0.19793618
L,0.10707569,0.1654982,0.24536169,0.21008039,0.086865366,0.19264144,0.06688565,0.14140773,0.12035328,0.18722558,0.06954515,0.008537352,0.0,0.09568548,0.22393048,0.07963961,0.057769895,0.13426226,0.095734656,0.16907084
M,0.19904608,0.16137683,0.35650927,0.320005,0.15004146,0.09133053,0.097384155,0.06582755,0.055782557,0.10158706,0.06419206,0.08798307,0.09568548,5.9604645e-08,0.12858951,0.12880749,0.019208252,0.08236778,0.19767034,0.13581741
P,0.32787347,0.39531416,0.4109794,0.36052036,0.26879144,0.15041876,0.23859262,0.083096564,0.078216195,0.124706924,0.10695368,0.21042567,0.22393048,0.12858951,0.0,0.14159757,0.13454467,0.19745487,0.2554686,0.16336513
G,0.29989457,0.37721986,0.37247813,0.29924136,0.1925376,0.28643435,0.1719544,0.05323547,0.15166909,0.08098799,0.046518445,0.089021325,0.07963961,0.12880749,0.14159757,5.9604645e-08,0.12286073,0.24560714,0.22588032,0.05198592
Y,0.11627841,0.11406803,0.3279034,0.30234748,0.12660885,0.1136238,0.07465565,0.08473277,0.0737412,0.124372005,0.04740244,0.05948168,0.057769895,0.019208252,0.13454467,0.12286073,1.1920929e-07,0.06396264,0.13111681,0.14124876
F,0.10151929,0.06444347,0.3993469,0.35206378,0.26139855,0.13527429,0.033900082,0.15973955,0.113849044,0.17335206,0.174698,0.098974586,0.13426226,0.08236778,0.19745487,0.24560714,0.06396264,0.0,0.07337904,0.3184725
W,0.073306024,0.12915087,0.35684305,0.30893528,0.24046588,0.22877622,0.051130056,0.23525041,0.16805357,0.26100856,0.19160533,0.071676254,0.095734656,0.19767034,0.2554686,0.22588032,0.13111681,0.07337892,5.9604645e-08,0.36706936
C,0.4066248,0.42919046,0.53515565,0.481596,0.2661357,0.35102713,0.29024988,0.05388868,0.22142148,0.07746875,0.04568267,0.19793618,0.16907084,0.13581741,0.16336513,0.05198592,0.14124876,0.3184725,0.36706936,0.0
