,R,K,E,D,Q,N,H,S,T,A,V,I,L,M,P,G,Y,F,W,C
R,-1.1920929e-07,0.16360492,0.47104454,0.48625743,0.32967418,0.32404763,0.1999321,0.22618663,0.3243178,0.28009695,0.20729893,0.2815624,0.35445952,0.26757842,0.17555773,0.28781182,0.24382931,0.3787532,0.29000616,0.26459396
K,0.16360492,0.0,0.32394534,0.3099264,0.36052895,0.21933985,0.1986255,0.18998998,0.23107308,0.20197499,0.28844285,0.19556731,0.19836599,0.25926012,0.106187165,0.2073366,0.1618452,0.1772973,0.12171364,0.3145969
E,0.47104454,0.32394534,0.0,0.0022599697,0.22244644,0.05167842,0.36957753,0.16610879,0.06881559,0.09754068,0.17841256,0.053996027,0.06898242,0.12164885,0.16447926,0.12234843,0.16402233,0.14995784,0.24377894,0.3527549
D,0.48625743,0.3099264,0.0022599697,0.0,0.238307,0.056841195,0.38749993,0.17384183,0.081567466,0.10594219,0.20506632,0.061945856,0.07240075,0.14019817,0.15901655,0.11955255,0.1738044,0.15200627,0.24696398,0.36546284
Q,0.32967418,0.36052895,0.22244644,0.238307,-1.1920929e-07,0.104550004,0.344764,0.1259225,0.15787083,0.097330034,0.18625164,0.12925905,0.14904791,0.060254514,0.20677853,0.22317761,0.36639404,0.32000744,0.33163065,0.4685949
N,0.32404763,0.21933985,0.05167842,0.056841195,0.104550004,0.0,0.21438646,0.043243647,0.025852382,0.010639429,0.0991739,0.009252727,0.014392316,0.030801535,0.087343335,0.06281328,0.13899517,0.11191213,0.1558618,0.3809427
H,0.1999321,0.1986255,0.36957753,0.38749993,0.344764,0.21438646,5.9604645e-08,0.12418324,0.15236872,0.15715885,0.11568922,0.18365645,0.17603403,0.16817701,0.23467165,0.23250782,0.107269645,0.13583338,0.08181888,0.42817134
S,0.22618663,0.18998998,0.16610879,0.17384183,0.1259225,0.043243647,0.12418324,-1.1920929e-07,0.07259959,0.025015593,0.08448225,0.0534212,0.06037426,0.05010158,0.07292527,0.06169671,0.1503222,0.14839035,0.15190035,0.44611698
T,0.32431775,0.23107308,0.06881559,0.081567466,0.15787077,0.025852382,0.15236872,0.07259965,0.0,0.024369657,0.060188413,0.0123951435,0.013292372,0.030406177,0.1468991,0.113997936,0.07450569,0.058057785,0.091608524,0.31762195
A,0.28009695,0.20197499,0.09754068,0.10594219,0.097330034,0.010639429,0.15715885,0.025015593,0.024369657,0.0,0.068098485,0.0121977925,0.016914606,0.017797112,0.08671695,0.06456983,0.13033682,0.11196405,0.12873179,0.3937409
V,0.207299,0.2884428,0.17841262,0.20506632,0.1862517,0.0991739,0.11568922,0.08448219,0.060188413,0.068098485,-1.1920929e-07,0.065136135,0.1069231,0.054020226,0.16158998,0.13223213,0.097459376,0.17025948,0.16480714,0.3110491
I,0.2815624,0.19556731,0.053996027,0.061945856,0.12925905,0.009252727,0.18365645,0.0534212,0.0123951435,0.0121977925,0.065136194,0.0,0.014748812,0.028969824,0.08534145,0.066755414,0.09229505,0.091739535,0.12251556,0.309439
L,0.35445952,0.19836599,0.06898242,0.07240075,0.14904791,0.014392316,0.17603403,0.06037426,0.013292372,0.016914606,0.106923044,0.014748812,0.0,0.043406725,0.12346619,0.091682196,0.10529089,0.05703962,0.09171867,0.36948872
M,0.26757842,0.25926012,0.12164885,0.14019817,0.060254514,0.030801535,0.16817701,0.05010158,0.030406117,0.017797112,0.054020166,0.028969824,0.043406725,0.0,0.14006811,0.12842625,0.15509868,0.14097917,0.15606892,0.36125994
P,0.17555773,0.106187165,0.16447926,0.15901655,0.20677853,0.087343335,0.23467165,0.07292527,0.1468991,0.08671695,0.16159004,0.08534145,0.12346619,0.14006811,-1.1920929e-07,0.039514422,0.17207718,0.22421074,0.21975029,0.3824429
G,0.28781182,0.2073366,0.12234843,0.11955255,0.22317761,0.06281328,0.23250782,0.06169671,0.113997996,0.06456983,0.13223219,0.066755414,0.091682196,0.12842625,0.039514422,0.0,0.16939616,0.20739794,0.23272532,0.45339555
Y,0.24382931,0.1618452,0.16402233,0.1738044,0.36639404,0.13899517,0.107269645,0.1503222,0.07450569,0.13033682,0.097459376,0.09229505,0.10529089,0.15509868,0.17207718,0.16939616,0.0,0.05157578,0.0565356,0.2149384
F,0.3787532,0.1772973,0.14995784,0.15200627,0.32000744,0.11191213,0.13583338,0.14839035,0.058057785,0.11196405,0.17025948,0.091739535,0.05703962,0.14097917,0.22421074,0.20739794,0.05157578,0.0,0.024239779,0.31055212
W,0.29000616,0.12171364,0.24377894,0.24696398,0.33163065,0.1558618,0.08181888,0.15190035,0.091608524,0.12873179,0.1648072,0.12251556,0.09171867,0.15606892,0.21975029,0.23272532,0.0565356,0.024239779,0.0,0.3010435
C,0.26459396,0.3145969,0.3527549,0.36546284,0.4685949,0.3809427,0.42817134,0.44611698,0.31762195,0.3937409,0.3110491,0.309439,0.36948872,0.36125994,0.3824429,0.45339555,0.2149384,0.31055212,0.3010435,5.9604645e-08
