,R,K,E,D,Q,N,H,S,T,A,V,I,L,M,P,G,Y,F,W,C
R,5.9604645e-08,0.02349168,0.25960213,0.33704966,0.1807105,0.15749508,0.08771777,0.1030944,0.2753905,0.12315506,0.2323764,0.36075085,0.2691055,0.23930794,0.56101644,0.1133818,0.34225923,0.32247454,0.3115092,0.0957436
K,0.02349168,5.9604645e-08,0.24762732,0.33708102,0.18270844,0.18867421,0.073687434,0.15001315,0.30229962,0.15946227,0.24047363,0.3527869,0.24822444,0.24205899,0.47556537,0.13939464,0.34260875,0.32235658,0.29245865,0.1307723
E,0.25960213,0.24762732,0.0,0.11216128,0.26235253,0.17246372,0.08512747,0.2548929,0.08143592,0.39491427,0.08849847,0.103655815,0.24710155,0.0691548,0.3419528,0.13748556,0.1013881,0.06930071,0.06505501,0.19936049
D,0.33704966,0.33708102,0.11216128,5.9604645e-08,0.2578305,0.115023434,0.14941049,0.27449703,0.17176044,0.4010228,0.26206547,0.201752,0.249205,0.093598306,0.3204009,0.14661252,0.15357041,0.04188609,0.19307244,0.24968213
Q,0.1807105,0.18270844,0.26235253,0.2578305,1.1920929e-07,0.16153908,0.104116976,0.18169487,0.25821352,0.24933028,0.24211985,0.2897526,0.28611296,0.20571035,0.44967592,0.13377118,0.2703523,0.28067458,0.28972507,0.16770476
N,0.15749508,0.18867421,0.17246372,0.115023434,0.16153908,0.0,0.08604908,0.087097764,0.17883146,0.1478622,0.22544461,0.32422173,0.36895233,0.124295056,0.58613634,0.024451494,0.25101608,0.15137678,0.2307167,0.07405776
H,0.08771777,0.073687434,0.08512747,0.14941049,0.104116976,0.08604908,0.0,0.14420378,0.13257086,0.22777015,0.12998366,0.19030344,0.21459603,0.08413786,0.39418548,0.06473392,0.16862816,0.14411479,0.14397126,0.109639764
S,0.1030944,0.15001315,0.2548929,0.27449703,0.18169487,0.087097764,0.14420378,0.0,0.2376169,0.04198295,0.20414317,0.35679346,0.3207829,0.19821936,0.6767335,0.0359779,0.30251664,0.26275164,0.27073807,0.0073486567
T,0.2753905,0.30229968,0.08143592,0.17176038,0.25821352,0.17883146,0.13257092,0.2376169,-1.1920929e-07,0.37082624,0.039999366,0.056627035,0.26628762,0.029969752,0.42694497,0.16677672,0.031726837,0.07516235,0.035992026,0.20827591
A,0.12315506,0.15946227,0.39491427,0.4010228,0.24933028,0.1478622,0.22777015,0.04198295,0.37082624,0.0,0.30186933,0.5033724,0.46234125,0.33632445,0.73615324,0.10322684,0.45364183,0.3812124,0.37800318,0.05131805
V,0.2323764,0.24047357,0.08849841,0.26206547,0.24211985,0.22544467,0.12998366,0.2041431,0.039999366,0.30186933,0.0,0.06889808,0.27669615,0.08408606,0.41053313,0.16260809,0.07437909,0.13096964,0.025094926,0.16476905
I,0.36075085,0.3527869,0.103655815,0.201752,0.2897526,0.32422173,0.19030344,0.35679346,0.056627095,0.5033724,0.06889796,1.1920929e-07,0.16853285,0.07304484,0.2335288,0.2795906,0.015306711,0.08651191,0.045799255,0.32257462
L,0.2691055,0.24822444,0.24710155,0.249205,0.28611296,0.36895233,0.21459603,0.3207829,0.26628768,0.46234125,0.2766962,0.16853285,0.0,0.17785293,0.26249254,0.30364168,0.16759384,0.22521508,0.26922536,0.32624072
M,0.23930794,0.24205899,0.0691548,0.093598306,0.20571035,0.124295056,0.08413786,0.19821936,0.029969811,0.33632445,0.08408606,0.07304484,0.17785293,0.0,0.37473178,0.11952692,0.031211674,0.04636705,0.057089686,0.17648482
P,0.56101644,0.47556537,0.3419528,0.3204009,0.44967592,0.58613634,0.39418548,0.6767335,0.42694497,0.73615324,0.41053313,0.2335288,0.26249254,0.37473178,-1.1920929e-07,0.5571156,0.29591393,0.26685858,0.32901013,0.63245004
G,0.1133818,0.13939464,0.13748556,0.14661252,0.13377118,0.024451494,0.06473392,0.0359779,0.16677678,0.10322684,0.16260803,0.2795906,0.30364168,0.11952692,0.5571156,0.0,0.22856009,0.15666491,0.19179094,0.020042062
Y,0.34225923,0.34260875,0.1013881,0.15357041,0.2703523,0.25101608,0.1686281,0.30251664,0.031726837,0.45364183,0.07437909,0.015306711,0.16759384,0.031211615,0.29591393,0.22856009,-1.1920929e-07,0.059711814,0.042761683,0.2787944
F,0.32247454,0.32235658,0.06930071,0.04188609,0.28067458,0.15137678,0.14411479,0.26275164,0.07516229,0.3812124,0.13096964,0.08651191,0.22521508,0.04636705,0.26685858,0.15666491,0.059711695,0.0,0.07316315,0.2314133
W,0.3115092,0.29245865,0.06505501,0.19307244,0.28972507,0.2307167,0.14397126,0.27073807,0.035992026,0.37800318,0.025094926,0.045799255,0.26922536,0.057089686,0.32901013,0.19179094,0.042761683,0.07316315,0.0,0.22480476
C,0.0957436,0.1307723,0.19936049,0.24968213,0.16770476,0.07405776,0.109639764,0.0073486567,0.20827591,0.05131805,0.16476905,0.32257462,0.32624072,0.17648482,0.63245004,0.020042062,0.2787944,0.2314133,0.22480476,0.0
