,R,K,E,D,Q,N,H,S,T,A,V,I,L,M,P,G,Y,F,W,C
R,1.1920929e-07,0.082113504,0.52491164,0.3517778,0.27197254,0.16102445,0.1427046,0.2170037,0.25976312,0.19265825,0.2802934,0.2743525,0.23221064,0.19217622,0.27234042,0.19073284,0.12167305,0.15902138,0.22483271,0.2430126
K,0.082113504,1.1920929e-07,0.70821214,0.50955045,0.37224227,0.28968197,0.16771942,0.28257954,0.33592558,0.26995325,0.34138894,0.35361594,0.45092463,0.20509237,0.42520905,0.29369158,0.23067045,0.21090859,0.30108458,0.27123135
E,0.52491164,0.70821214,0.0,0.18216896,0.3111285,0.17434448,0.31935513,0.2457211,0.23084998,0.24616867,0.19379896,0.24507505,0.22099501,0.4033062,0.42461932,0.37722403,0.20474458,0.31205153,0.22006738,0.31939703
D,0.3517778,0.50955045,0.18216896,5.9604645e-08,0.3941158,0.16030163,0.29066873,0.29509103,0.3437053,0.26279217,0.25457567,0.11393553,0.087629676,0.43705273,0.33621866,0.10566032,0.17201054,0.17973757,0.10617566,0.40015984
Q,0.27197254,0.37224227,0.3111285,0.3941158,0.0,0.11843753,0.10537213,0.048214972,0.051388502,0.061690867,0.091140985,0.21695644,0.27283412,0.103604436,0.64895105,0.27574134,0.11942041,0.14818245,0.20289773,0.03667438
N,0.16102445,0.28968197,0.17434448,0.16030163,0.11843753,5.9604645e-08,0.0555979,0.05322337,0.06696874,0.038693905,0.05409348,0.15497899,0.14942056,0.13514936,0.37049818,0.13552701,0.03038019,0.100165844,0.08908862,0.10989624
H,0.1427046,0.16771942,0.31935513,0.29066873,0.10537213,0.0555979,0.0,0.029007077,0.054260254,0.023111165,0.042716503,0.18771017,0.27463293,0.041880548,0.44164836,0.20204747,0.072332144,0.078881145,0.10995531,0.046097398
S,0.2170037,0.28257954,0.2457211,0.29509103,0.048214972,0.05322337,0.029007077,5.9604645e-08,0.007760823,0.0035175085,0.022030413,0.18319243,0.27010602,0.03695184,0.5138499,0.24432296,0.084413886,0.117277324,0.13906634,0.016558886
T,0.25976312,0.33592558,0.23084992,0.3437053,0.051388502,0.06696874,0.054260314,0.0077608824,0.0,0.015265584,0.03067422,0.2401613,0.31579834,0.04810196,0.5479127,0.30824023,0.11135906,0.1733697,0.19103384,0.022903979
A,0.19265825,0.26995325,0.24616867,0.26279217,0.061690867,0.038693905,0.023111165,0.0035175085,0.015265584,0.0,0.025167704,0.18139607,0.24524349,0.043070555,0.48521382,0.21643192,0.076018274,0.106544435,0.12881678,0.029266179
V,0.2802934,0.34138894,0.19379902,0.25457567,0.091140985,0.05409348,0.042716503,0.022030413,0.03067422,0.025167704,0.0,0.17294103,0.27800936,0.07563877,0.48154354,0.24261004,0.099515796,0.12772083,0.10055137,0.057763577
I,0.2743525,0.35361594,0.24507505,0.11393553,0.21695644,0.15497899,0.18771017,0.18319243,0.2401613,0.18139607,0.17294103,0.0,0.10523975,0.27388906,0.39563185,0.09825581,0.10044646,0.07033801,0.039835155,0.22492296
L,0.23221064,0.45092463,0.22099501,0.087629676,0.27283412,0.14942056,0.27463293,0.27010602,0.31579834,0.24524349,0.27800936,0.10523975,0.0,0.39600134,0.29950994,0.10340214,0.10432297,0.12562054,0.117148936,0.33702457
M,0.19217622,0.20509237,0.4033062,0.43705273,0.103604436,0.13514936,0.041880548,0.03695184,0.04810196,0.043070555,0.07563877,0.27388906,0.39600134,0.0,0.50426286,0.34630525,0.16312605,0.17673254,0.21883637,0.03561133
P,0.27234042,0.42520905,0.42461932,0.33621866,0.64895105,0.37049818,0.44164836,0.5138499,0.5479127,0.48521382,0.48154354,0.39563185,0.29950994,0.50426286,0.0,0.42838866,0.34031224,0.4162987,0.32816392,0.60926795
G,0.19073284,0.29369158,0.37722403,0.10566032,0.27574134,0.13552701,0.20204747,0.24432296,0.30824023,0.21643192,0.24261004,0.09825581,0.10340214,0.34630525,0.42838866,0.0,0.10923284,0.09211451,0.08619928,0.308955
Y,0.12167305,0.23067045,0.20474458,0.17201054,0.11942041,0.03038019,0.072332144,0.084413886,0.11135906,0.076018274,0.099515796,0.10044646,0.10432297,0.16312605,0.34031224,0.10923284,0.0,0.05139005,0.06674516,0.11850387
F,0.15902138,0.21090859,0.31205153,0.17973757,0.14818245,0.100165844,0.078881145,0.117277324,0.1733697,0.106544435,0.12772083,0.07033801,0.12562054,0.17673254,0.4162987,0.09211451,0.05139005,0.0,0.042925,0.13344109
W,0.22483271,0.30108458,0.22006738,0.10617566,0.20289773,0.08908862,0.10995531,0.13906634,0.19103384,0.12881678,0.10055137,0.039835095,0.117148936,0.21883637,0.32816392,0.08619928,0.06674516,0.042925,0.0,0.19359058
C,0.2430126,0.27123135,0.31939703,0.40015984,0.03667438,0.10989624,0.046097398,0.016558886,0.022903979,0.029266179,0.057763577,0.22492296,0.33702457,0.03561133,0.60926795,0.308955,0.11850387,0.13344109,0.19359058,0.0
