,R,K,E,D,Q,N,H,S,T,A,V,I,L,M,P,G,Y,F,W,C
R,0.0,0.45368195,0.26794755,0.28279722,0.3296787,0.32742536,0.3095237,0.27369976,0.3043285,0.26798368,0.39733958,0.30650407,0.28076553,0.30481237,0.4188906,0.36084807,0.35395318,0.2947542,0.35910743,0.31490785
K,0.45368195,0.0,0.25427926,0.26940626,0.31716305,0.31486762,0.2966317,0.26013887,0.29133946,0.2543161,0.38608718,0.29355568,0.26733655,0.2918324,0.40804058,0.34891433,0.3418907,0.28158647,0.3471412,0.3021164
E,0.26794755,0.25427926,0.0,0.021022797,0.085015714,0.08193982,0.057504237,0.008604765,0.050412774,0.0008023381,0.17737228,0.053382397,0.018249452,0.051073313,0.20678931,0.12756163,0.118150175,0.03734392,0.12518567,0.06485355
D,0.28279722,0.26940626,0.021022797,0.0,0.10357618,0.10056269,0.076622784,0.028715253,0.06967515,0.021071076,0.19405931,0.07258457,0.038164258,0.070322275,0.22287965,0.14525908,0.13603848,0.056871414,0.14293128,0.083823025
Q,0.3296787,0.31716305,0.085015714,0.10357618,0.0,0.15935636,0.13698131,0.092205346,0.13048786,0.085060894,0.24674135,0.13320708,0.10103673,0.13109267,0.27367777,0.20113105,0.19251317,0.118521035,0.19895542,0.14371091
N,0.32742536,0.31486762,0.08193982,0.10056269,0.15935636,0.0,0.13408011,0.08915365,0.12756485,0.081985176,0.24420917,0.13029319,0.09801471,0.12817168,0.27123612,0.1984455,0.18979871,0.11555785,0.1962626,0.14083236
H,0.3095237,0.2966317,0.057504237,0.076622784,0.13698131,0.13408011,0.0,0.064910054,0.10434359,0.057550788,0.2240926,0.107144594,0.074006975,0.10496658,0.25183892,0.17711091,0.16823393,0.092016995,0.17486984,0.11796427
S,0.27369976,0.26013887,0.008604765,0.028715253,0.092205346,0.08915365,0.064910054,0.0,0.057874322,0.0086537,0.18383622,0.06082058,0.025963724,0.058529615,0.21302211,0.13441694,0.12507945,0.044908166,0.1320597,0.07220167
T,0.3043285,0.29133946,0.050412774,0.06967515,0.13048786,0.12756485,0.10434359,0.057874322,0.0,0.050459623,0.21825457,0.100426614,0.06703967,0.09823227,0.24620968,0.17091936,0.16197556,0.08518523,0.16866148,0.11132771
A,0.26798368,0.2543161,0.0008023381,0.021071076,0.085060894,0.081985176,0.057550788,0.0086537,0.050459623,0.0,0.17741293,0.053429127,0.01829791,0.051120162,0.20682847,0.12760472,0.118193686,0.037391484,0.12522888,0.06489974
V,0.39733958,0.38608718,0.17737228,0.19405931,0.24674135,0.24420917,0.2240926,0.18383622,0.21825457,0.17741293,0.0,0.22069931,0.19177622,0.21879834,0.34699118,0.2817672,0.27401918,0.20749569,0.2798112,0.23014295
I,0.30650407,0.29355568,0.053382397,0.07258457,0.13320708,0.13029319,0.107144594,0.06082058,0.100426614,0.053429127,0.22069931,0.0,0.069957316,0.101052344,0.24856699,0.1735121,0.16459632,0.08804613,0.17126131,0.114106834
L,0.28076553,0.26733655,0.018249452,0.038164258,0.10103673,0.09801471,0.074006975,0.025963724,0.06703967,0.01829791,0.19177622,0.069957316,0.0,0.067688644,0.22067815,0.1428377,0.133591,0.054199696,0.14050335,0.08122766
M,0.30481237,0.2918324,0.051073313,0.070322275,0.13109267,0.12817168,0.10496658,0.058529615,0.09823227,0.051120162,0.21879834,0.101052344,0.067688644,0.0,0.24673396,0.17149603,0.1625585,0.08582157,0.16923976,0.11194587
P,0.4188906,0.40804058,0.20678931,0.22287965,0.27367777,0.27123612,0.25183892,0.21302211,0.24620968,0.20682847,0.34699118,0.24856699,0.22067815,0.24673396,0.0,0.30745107,0.29998016,0.2358355,0.305565,0.2576729
G,0.36084807,0.34891433,0.12756163,0.14525908,0.20113105,0.1984455,0.17711091,0.13441694,0.17091936,0.12760472,0.2817672,0.1735121,0.1428377,0.17149603,0.30745107,0.0,0.23006058,0.159509,0.23620325,0.18352759
Y,0.35395318,0.3418907,0.118150175,0.13603848,0.19251317,0.18979871,0.16823393,0.12507945,0.16197556,0.118193686,0.27401918,0.16459632,0.133591,0.1625585,0.29998016,0.23006058,0.0,0.15044218,0.22796375,0.17471981
F,0.2947542,0.28158647,0.03734392,0.056871414,0.118521035,0.11555785,0.092016995,0.044908166,0.08518523,0.037391484,0.20749569,0.08804613,0.054199696,0.08582157,0.2358355,0.159509,0.15044218,0.0,0.15722007,0.09909725
W,0.35910743,0.3471412,0.12518567,0.14293128,0.19895542,0.1962626,0.17486984,0.1320597,0.16866148,0.12522888,0.2798112,0.17126131,0.14050335,0.16923976,0.305565,0.23620325,0.22796375,0.15722007,0.0,0.18130404
C,0.31490785,0.3021164,0.06485355,0.083823025,0.14371091,0.14083236,0.11796427,0.07220167,0.11132771,0.06489974,0.23014295,0.114106834,0.08122766,0.11194587,0.2576729,0.18352759,0.17471981,0.09909725,0.18130404,0.0
