,R,K,E,D,Q,N,H,S,T,A,V,I,L,M,P,G,Y,F,W,C
R,0.0,0.23575711,0.0808475,0.085841954,0.027187943,0.05039078,0.027602434,0.10734016,0.0299415,0.03922832,0.067155,0.18268919,0.16246289,0.076437056,0.26708472,0.0902704,0.18142045,0.1043669,0.15438473,0.1466887
K,0.23575711,0.0,0.25812644,0.26215762,0.21481633,0.23354399,0.2151509,0.27950943,0.21703881,0.22453445,0.24707484,0.3403257,0.32400054,0.2545666,0.4084437,0.26573193,0.3393017,0.27710962,0.3174804,0.3112687
E,0.0808475,0.25812644,0.0,0.11259931,0.055662096,0.07818574,0.056064487,0.13346827,0.058335066,0.06735009,0.094459295,0.20661181,0.18697757,0.10346967,0.28853709,0.11689812,0.2053802,0.13058203,0.1791358,0.17166507
D,0.085841954,0.26215762,0.11259931,0.0,0.0607934,0.08319467,0.061193585,0.1381768,0.06345183,0.072417855,0.09937984,0.2109229,0.19139534,0.10834122,0.29240298,0.12169665,0.20969802,0.13530624,0.1835962,0.17616606
Q,0.027187943,0.21481633,0.055662096,0.0607934,0.0,0.02437079,0.00095808506,0.082880676,0.0033612251,0.012902558,0.041594386,0.1602943,0.13951379,0.05113077,0.2470023,0.06534314,0.1589908,0.07982594,0.13121426,0.12330735
N,0.05039078,0.23354399,0.07818574,0.08319467,0.02437079,0.0,0.024786532,0.10475516,0.027132392,0.036446095,0.06445366,0.18032241,0.16003752,0.073762536,0.26496226,0.087635934,0.17904997,0.10177326,0.15193594,0.14421761
H,0.027602434,0.2151509,0.056064487,0.061193585,0.00095808506,0.024786532,0.0,0.083271444,0.0037859082,0.013323128,0.042002797,0.1606521,0.13988048,0.05153507,0.24732316,0.06574142,0.15934914,0.08021802,0.13158447,0.12368095
S,0.10734016,0.27950943,0.13346827,0.1381768,0.082880676,0.10475516,0.083271444,0.0,0.08547664,0.094231784,0.12055969,0.22947961,0.21041125,0.12931031,0.30904353,0.14235169,0.22828352,0.1556412,0.20279557,0.19554013
T,0.0299415,0.21703881,0.058335066,0.06345183,0.0033612251,0.027132392,0.0037859082,0.08547664,0.0,0.015696526,0.044307232,0.16267115,0.14194942,0.053816557,0.2491337,0.06798875,0.16137129,0.08243048,0.13367343,0.12578887
A,0.03922832,0.22453445,0.06735009,0.072417855,0.012902558,0.036446095,0.013323128,0.094231784,0.015696526,0.0,0.053456545,0.17068726,0.15016395,0.06287485,0.2563221,0.07691133,0.16939992,0.091214836,0.14196718,0.13415813
V,0.067155,0.24707484,0.094459295,0.09937984,0.041594386,0.06445366,0.042002797,0.12055969,0.044307232,0.053456545,0.0,0.19479287,0.17486608,0.090114176,0.27793854,0.10374266,0.1935429,0.11763042,0.16690755,0.15932548
I,0.18268919,0.3403257,0.20661181,0.2109229,0.1602943,0.18032241,0.1606521,0.22947961,0.16267115,0.17068726,0.19479287,0.0,0.2770601,0.20280486,0.36736685,0.2147454,0.29342377,0.22691315,0.27008724,0.26344424
L,0.16246289,0.32400054,0.18697757,0.19139534,0.13951379,0.16003752,0.13988048,0.21041125,0.14194942,0.15016395,0.17486608,0.2770601,0.0,0.18307632,0.35171086,0.19531244,0.27593786,0.20778126,0.25202382,0.24521637
M,0.076437056,0.2545666,0.10346967,0.10834122,0.05113077,0.073762536,0.05153507,0.12931031,0.053816557,0.06287485,0.090114176,0.20280486,0.18307632,0.0,0.28512317,0.11266065,0.20156735,0.12641019,0.175197,0.1676904
P,0.26708472,0.4084437,0.28853709,0.29240298,0.2470023,0.26496226,0.24732316,0.30904353,0.2491337,0.2563221,0.27793854,0.36736685,0.35171086,0.28512317,0.0,0.2958308,0.3663848,0.30674207,0.34545803,0.33950096
G,0.0902704,0.26573193,0.11689812,0.12169665,0.06534314,0.087635934,0.06574142,0.14235169,0.06798875,0.07691133,0.10374266,0.2147454,0.19531244,0.11266065,0.2958308,0.0,0.21352643,0.13949502,0.18755108,0.18015695
Y,0.18142045,0.3393017,0.2053802,0.20969802,0.1589908,0.17904997,0.15934914,0.22828352,0.16137129,0.16939992,0.1935429,0.29342377,0.27593786,0.20156735,0.3663848,0.21352643,0.0,0.22571307,0.26895416,0.26230085
F,0.1043669,0.27710962,0.13058203,0.13530624,0.07982594,0.10177326,0.08021802,0.1556412,0.08243048,0.091214836,0.11763042,0.22691315,0.20778126,0.12641019,0.30674207,0.13949502,0.22571307,0.0,0.20014018,0.1928606
W,0.15438473,0.3174804,0.1791358,0.1835962,0.13121426,0.15193594,0.13158447,0.20279557,0.13367343,0.14196718,0.16690755,0.27008724,0.25202382,0.175197,0.34545803,0.18755108,0.26895416,0.20014018,0.0,0.23793638
C,0.1466887,0.3112687,0.17166507,0.17616606,0.12330735,0.14421761,0.12368095,0.19554013,0.12578887,0.13415813,0.15932548,0.26344424,0.24521637,0.1676904,0.33950096,0.18015695,0.26230085,0.1928606,0.23793638,0.0
