,R,K,E,D,Q,N,H,S,T,A,V,I,L,M,P,G,Y,F,W,C
R,0.0,0.059846878,0.01766634,0.022980928,0.012406826,0.01464808,0.02321887,0.023751855,0.0138888955,0.04653257,0.012545288,0.018703997,0.012480736,0.01246357,0.012485623,0.3512681,0.012578428,0.018991828,0.049841285,0.016106367
K,0.059846878,0.0,0.05343294,0.058553994,0.048364878,0.050524533,0.058783352,0.059296846,0.049793005,0.081248164,0.048498333,0.05443281,0.048436165,0.048419595,0.048440874,0.37488836,0.04853028,0.05471015,0.08443642,0.051929772
E,0.01766634,0.05343294,0.0,0.01631552,0.005669236,0.007925808,0.01655507,0.017091691,0.0071614385,0.040027857,0.0058086514,0.012009382,0.0057436824,0.005726397,0.0057486296,0.34684235,0.00584203,0.01229918,0.04335916,0.00939405
D,0.022980928,0.058553994,0.01631552,0.0,0.011048675,0.013293028,0.02187568,0.02240932,0.01253283,0.04522139,0.011187375,0.017354548,0.011122763,0.011105537,0.011127651,0.350376,0.011220574,0.017642796,0.04853469,0.014753342
Q,0.012406826,0.048364878,0.005669236,0.011048675,0.0,0.002614081,0.011289597,0.011829019,0.0018455982,0.03488797,0.00048559904,0.0067195296,0.00042027235,0.0004028678,0.00042521954,0.34334522,0.00051915646,0.007010877,0.038237154,0.00409019
N,0.01464808,0.050524533,0.007925808,0.013293028,0.002614081,0.0,0.013533413,0.014071584,0.004110813,0.03707826,0.0027539134,0.008973718,0.0026887655,0.0026714206,0.0026937127,0.34483546,0.0027874112,0.00926441,0.040419757,0.006350279
H,0.02321887,0.058783352,0.01655507,0.02187568,0.011289597,0.013533413,0.0,0.02264744,0.012773335,0.045453966,0.011428237,0.01759392,0.0113636255,0.0113464,0.011368513,0.35053426,0.011461377,0.01788205,0.048766434,0.01499331
S,0.023751855,0.059296846,0.017091691,0.02240932,0.011829019,0.014071584,0.02264744,0.0,0.013311982,0.04597479,0.011967599,0.018129885,0.011903048,0.011885822,0.011907935,0.3508886,0.01200074,0.018417895,0.04928547,0.015530765
T,0.0138888955,0.049793005,0.0071614385,0.01253283,0.0018455982,0.004110813,0.012773335,0.013311982,0.0,0.036336303,0.00198555,0.008210123,0.0019203424,0.0019029975,0.0019252896,0.34433067,0.0020190477,0.008501053,0.03968042,0.005584717
A,0.04653257,0.081248164,0.040027857,0.04522139,0.03488797,0.03707826,0.045453966,0.04597479,0.036336303,0.0,0.03502333,0.04104185,0.03496027,0.03494346,0.03496504,0.36603564,0.035055697,0.041323125,0.07147038,0.03850335
V,0.012545288,0.048498333,0.0058086514,0.011187375,0.00048559904,0.0027539134,0.011428237,0.011967599,0.00198555,0.03502333,0.0,0.0068588257,0.0005604625,0.0005430579,0.00056540966,0.3434373,0.000659287,0.0071501136,0.03837198,0.004229784
I,0.018703997,0.05443281,0.012009382,0.017354548,0.0067195296,0.008973718,0.01759392,0.018129885,0.008210123,0.04104185,0.0068588257,0.0,0.006793916,0.006776631,0.006798804,0.34753227,0.0068921447,0.0133425,0.044369638,0.010440409
L,0.012480736,0.048436165,0.0057436824,0.011122763,0.00042027235,0.0026887655,0.0113636255,0.011903048,0.0019203424,0.03496027,0.0005604625,0.006793916,0.0,0.00047773123,0.00050008297,0.3433944,0.0005940199,0.0070852637,0.038309157,0.0041647553
M,0.01246357,0.048419595,0.005726397,0.011105537,0.0004028678,0.0026714206,0.0113464,0.011885822,0.0019029975,0.03494346,0.0005430579,0.006776631,0.00047773123,0.0,0.0004826784,0.34338295,0.00057661533,0.0070679784,0.038292408,0.0041474104
P,0.012485623,0.048440874,0.0057486296,0.011127651,0.00042521954,0.0026937127,0.011368513,0.011907935,0.0019252896,0.03496504,0.00056540966,0.006798804,0.00050008297,0.0004826784,0.0,0.34339768,0.0005989671,0.0070901513,0.038313925,0.004169643
G,0.3512681,0.37488836,0.34684235,0.350376,0.34334522,0.34483546,0.35053426,0.3508886,0.34433067,0.36603564,0.3434373,0.34753227,0.3433944,0.34338295,0.34339768,0.0,0.34345937,0.34772366,0.3682356,0.3458051
Y,0.012578428,0.04853028,0.00584203,0.011220574,0.00051915646,0.0027874112,0.011461377,0.01200074,0.0020190477,0.035055697,0.000659287,0.0068921447,0.0005940199,0.00057661533,0.0005989671,0.34345937,0.0,0.0071834326,0.038404286,0.004263222
F,0.018991828,0.05471015,0.01229918,0.017642796,0.007010877,0.00926441,0.01788205,0.018417895,0.008501053,0.041323125,0.0071501136,0.0133425,0.0070852637,0.0070679784,0.0070901513,0.34772366,0.0071834326,0.0,0.04464996,0.010730624
W,0.049841285,0.08443642,0.04335916,0.04853469,0.038237154,0.040419757,0.048766434,0.04928547,0.03968042,0.07147038,0.03837198,0.044369638,0.038309157,0.038292408,0.038313925,0.3682356,0.038404286,0.04464996,0.0,0.041839898
C,0.016106367,0.051929772,0.00939405,0.014753342,0.00409019,0.006350279,0.01499331,0.015530765,0.005584717,0.03850335,0.004229784,0.010440409,0.0041647553,0.0041474104,0.004169643,0.3458051,0.004263222,0.010730624,0.041839898,0.0
