,R,K,E,D,Q,N,H,S,T,A,V,I,L,M,P,G,Y,F,W,C
R,1.1920929e-07,0.04271424,0.03383839,0.044416785,0.084509015,0.057976365,0.05954194,0.08198321,0.24668914,0.11428046,0.32857436,0.51383805,0.39989787,0.19994503,0.073423564,0.032762945,0.050520778,0.037099063,0.021495223,0.24894398
K,0.04271424,5.9604645e-08,0.03751862,0.022089243,0.18170327,0.047585785,0.052467585,0.07692796,0.2706023,0.022871852,0.32381612,0.38105208,0.38724363,0.1912002,0.043671727,0.03223288,0.027924538,0.03599894,0.05635506,0.24429363
E,0.03383839,0.03751862,5.9604645e-08,0.038894475,0.10235673,0.03222841,0.0126127,0.05616021,0.21801585,0.08081114,0.3413188,0.5010867,0.4267186,0.24057949,0.012852669,0.010396063,0.024057388,0.00277102,0.033238173,0.26275265
D,0.044416785,0.022089243,0.038894475,0.0,0.12725592,0.0109170675,0.048475146,0.046016335,0.26005143,0.03373933,0.290756,0.4009428,0.30732262,0.13177818,0.04162532,0.015051544,0.006804228,0.034594893,0.021808147,0.2511959
Q,0.084509015,0.18170327,0.10235673,0.12725592,0.0,0.09951252,0.1413238,0.07581586,0.16721869,0.25825483,0.28411734,0.67262197,0.33700293,0.17706984,0.14947349,0.086512685,0.12763149,0.10139644,0.056633115,0.2230218
N,0.057976365,0.047585785,0.03222841,0.0109170675,0.09951252,0.0,0.034745216,0.036061108,0.23439974,0.058293104,0.28473544,0.43131214,0.30187345,0.1466369,0.028097212,0.011649311,0.0051271915,0.027246654,0.0165416,0.27257138
H,0.05954194,0.052467585,0.0126127,0.048475146,0.1413238,0.034745216,0.0,0.09248334,0.2987454,0.08112365,0.4209032,0.5322685,0.48426342,0.296619,0.011237562,0.02361995,0.022243083,0.011666656,0.04778403,0.35921186
S,0.08198321,0.07692796,0.05616021,0.046016335,0.07581586,0.036061108,0.09248334,5.9604645e-08,0.10513133,0.09899175,0.1674658,0.39608812,0.21639544,0.08942109,0.06080383,0.029647827,0.05197525,0.047626913,0.045538902,0.12469238
T,0.2466892,0.2706023,0.21801579,0.26005143,0.16721874,0.2343998,0.2987454,0.10513133,0.0,0.32751584,0.07729131,0.39160895,0.20484781,0.18358529,0.23126167,0.20560199,0.26946086,0.21353197,0.22617078,0.07490897
A,0.11428046,0.022871852,0.08081114,0.03373933,0.25825483,0.058293104,0.08112365,0.09899175,0.32751584,0.0,0.34944135,0.3383683,0.37568003,0.19215333,0.060509443,0.06340653,0.03805399,0.07433373,0.10145575,0.28785533
V,0.32857436,0.32381618,0.34131873,0.290756,0.28411734,0.28473538,0.4209032,0.16746587,0.07729131,0.34944135,5.9604645e-08,0.19990408,0.049763143,0.10825509,0.3365758,0.29104096,0.32743186,0.331599,0.28506398,0.11967927
I,0.51383805,0.38105208,0.5010867,0.4009428,0.67262197,0.43131214,0.5322685,0.39608812,0.391609,0.3383683,0.19990396,1.7881393e-07,0.21411175,0.3216262,0.4381225,0.45824182,0.4337731,0.49056447,0.4885792,0.40043753
L,0.39989787,0.38724363,0.4267186,0.30732262,0.33700293,0.30187345,0.48426342,0.21639544,0.20484781,0.37568003,0.049763203,0.21411175,0.0,0.078301966,0.40829462,0.3416977,0.3530941,0.4081716,0.31457502,0.21621531
M,0.19994503,0.1912002,0.24057949,0.13177818,0.17706984,0.1466369,0.296619,0.08942109,0.18358523,0.19215333,0.10825503,0.3216262,0.078301966,1.7881393e-07,0.25055218,0.16866452,0.1777718,0.22678053,0.14613497,0.12706792
P,0.073423564,0.043671727,0.012852669,0.04162532,0.14947349,0.028097212,0.011237562,0.06080383,0.23126173,0.060509443,0.33657587,0.4381225,0.40829462,0.25055218,0.0,0.018462718,0.019830763,0.010564566,0.05459261,0.2934823
G,0.032762945,0.03223288,0.010396063,0.015051544,0.086512685,0.011649311,0.02361995,0.029647827,0.20560199,0.06340653,0.29104096,0.45824182,0.3416977,0.16866452,0.018462718,0.0,0.01016289,0.0065796375,0.015577674,0.22869956
Y,0.050520778,0.027924538,0.024057388,0.006804228,0.12763149,0.005127251,0.022243023,0.05197525,0.26946086,0.03805399,0.32743186,0.4337731,0.3530941,0.1777718,0.019830763,0.01016283,0.0,0.020177603,0.023111999,0.2920894
F,0.037099063,0.03599894,0.00277102,0.034594893,0.10139644,0.027246654,0.011666656,0.047626913,0.21353197,0.07433373,0.331599,0.49056447,0.4081716,0.22678053,0.010564566,0.0065796375,0.020177603,-1.1920929e-07,0.03135979,0.251729
W,0.021495223,0.05635506,0.033238173,0.021808147,0.056633115,0.01654154,0.04778403,0.045538902,0.22617078,0.10145575,0.28506398,0.4885792,0.31457502,0.14613497,0.05459261,0.015577674,0.023111999,0.03135979,0.0,0.25664163
C,0.24894398,0.24429363,0.26275265,0.2511959,0.2230218,0.27257138,0.35921186,0.12469238,0.07490897,0.28785533,0.11967921,0.40043753,0.21621531,0.12706792,0.2934823,0.22869956,0.2920894,0.251729,0.25664163,0.0
