,R,K,E,D,Q,N,H,S,T,A,V,I,L,M,P,G,Y,F,W,C
R,0.0,0.14470387,0.08522093,0.28519022,0.14493823,0.16346371,0.086756885,0.14308625,0.156829,0.21107477,0.16545653,0.20384228,0.3191648,0.1264472,0.48484367,0.12297344,0.19754255,0.22313273,0.17906421,0.13862866
K,0.14470387,0.0,0.06693834,0.27090418,0.12784916,0.1467449,0.06850505,0.12596017,0.13997757,0.1953075,0.14877754,0.1879304,0.3055578,0.10898858,0.47454786,0.105445385,0.18150485,0.20760643,0.1626572,0.12141347
E,0.08522093,0.06693834,0.0,0.2201981,0.067194045,0.08740389,0.0037227273,0.065173686,0.08016592,0.13934386,0.08957791,0.13145375,0.2572617,0.047021747,0.4380045,0.043232143,0.12458128,0.15249813,0.10442287,0.06031072
D,0.28519022,0.27090418,0.2201981,0.0,0.27110398,0.28689605,0.22150737,0.2695253,0.28124022,0.32748199,0.28859478,0.3213166,0.41962314,0.25534135,0.56085587,0.25238013,0.31594646,0.33776075,0.30019462,0.26572537
Q,0.14493823,0.12784916,0.067194045,0.27110398,0.0,0.14697874,0.068760276,0.12619966,0.14021325,0.19552803,0.14901078,0.18815297,0.3057481,0.10923272,0.47469187,0.10569054,0.18172914,0.20782351,0.16288668,0.12165421
N,0.16346371,0.1467449,0.08740389,0.28689605,0.14697874,0.0,0.08893621,0.14513117,0.15884107,0.21295744,0.16744804,0.20574218,0.32078952,0.12853181,0.48607302,0.12506634,0.19945753,0.22498655,0.1810233,0.14068419
H,0.086756885,0.06850505,0.0037227273,0.22150737,0.068760276,0.08893621,0.0,0.066743314,0.08171034,0.14078897,0.091106534,0.1329121,0.2585088,0.048621833,0.4389481,0.044838607,0.12605113,0.15392113,0.10592657,0.061888516
S,0.14308625,0.12596017,0.065173686,0.2695253,0.12619966,0.14513117,0.066743314,0.0,0.13835102,0.19378561,0.14716762,0.18639457,0.3042444,0.10730338,0.47355407,0.10375351,0.17995685,0.20610774,0.16107357,0.11975181
T,0.156829,0.13997757,0.08016592,0.28124022,0.14021325,0.15884107,0.08171034,0.13835102,0.0,0.20671523,0.16084492,0.19944274,0.31540257,0.12162,0.48199695,0.11812705,0.19310826,0.21883976,0.17452782,0.13386875
A,0.21107477,0.1953075,0.13934386,0.32748199,0.19552803,0.21295744,0.14078897,0.19378561,0.20671523,0.0,0.21483237,0.25094694,0.35944647,0.17813098,0.5153229,0.17486274,0.24501997,0.26909608,0.2276349,0.1895917
V,0.16545653,0.14877754,0.08957791,0.28859478,0.14901078,0.16744804,0.091106534,0.14716762,0.16084492,0.21483237,0.0,0.20763427,0.32240754,0.13060784,0.4872973,0.1271506,0.20136458,0.2268328,0.18297428,0.14273125
I,0.20384228,0.1879304,0.13145375,0.3213166,0.18815297,0.20574218,0.1329121,0.18639457,0.19944274,0.25094694,0.20763427,0.0,0.35357416,0.17059642,0.51087964,0.16729826,0.23809868,0.26239544,0.22055423,0.18216223
L,0.3191648,0.3055578,0.2572617,0.41962314,0.3057481,0.32078952,0.2585088,0.3042444,0.31540257,0.35944647,0.32240754,0.35357416,0.0,0.2907346,0.58172816,0.28791416,0.34845924,0.36923665,0.3334561,0.3006251
M,0.1264472,0.10898858,0.047021747,0.25534135,0.10923272,0.12853181,0.048621833,0.10730338,0.12162,0.17813098,0.13060784,0.17059642,0.2907346,0.0,0.46333188,0.08635074,0.16403371,0.19069242,0.14478374,0.10265964
P,0.48484367,0.47454786,0.4380045,0.56085587,0.47469187,0.48607302,0.4389481,0.47355407,0.48199695,0.5153229,0.4872973,0.51087964,0.58172816,0.46333188,0.0,0.4611978,0.5070094,0.5227307,0.4956572,0.47081554
G,0.12297344,0.105445385,0.043232143,0.25238013,0.10569054,0.12506634,0.044838607,0.10375351,0.11812705,0.17486274,0.1271506,0.16729826,0.28791416,0.08635074,0.4611978,0.0,0.16070938,0.18747413,0.14138293,0.09909129
Y,0.19754255,0.18150485,0.12458128,0.31594646,0.18172914,0.19945753,0.12605113,0.17995685,0.19310826,0.24501997,0.20136458,0.23809868,0.34845924,0.16403371,0.5070094,0.16070938,0.0,0.25655907,0.21438676,0.17569101
F,0.22313273,0.20760643,0.15249813,0.33776075,0.20782351,0.22498655,0.15392113,0.20610774,0.21883976,0.26909608,0.2268328,0.26239544,0.36923665,0.19069242,0.5227307,0.18747413,0.25655907,0.0,0.23943973,0.20197797
W,0.17906421,0.1626572,0.10442287,0.30019462,0.16288668,0.1810233,0.10592657,0.16107357,0.17452782,0.2276349,0.18297428,0.22055423,0.3334561,0.14478374,0.4956572,0.14138293,0.21438676,0.23943973,0.0,0.15670949
C,0.13862866,0.12141347,0.06031072,0.26572537,0.12165421,0.14068419,0.061888516,0.11975181,0.13386875,0.1895917,0.14273125,0.18216223,0.3006251,0.10265964,0.47081554,0.09909129,0.17569101,0.20197797,0.15670949,0.0
