,R,K,E,D,Q,N,H,S,T,A,V,I,L,M,P,G,Y,F,W,C
R,5.9604645e-08,0.22117269,0.36420286,0.36799997,0.33590233,0.27117902,0.15762353,0.25544268,0.30830276,0.19235682,0.30977738,0.30821854,0.32078624,0.34573078,0.49977487,0.218656,0.5092924,0.4043818,0.32507056,0.3176
K,0.22117269,0.0,0.3696658,0.24793327,0.106048465,0.13959515,0.05546254,0.102119505,0.04825884,0.14436674,0.111693025,0.04999435,0.0783723,0.108549535,0.18827647,0.14001334,0.1802569,0.115665495,0.14561021,0.16736329
E,0.36420286,0.3696658,0.0,0.08270484,0.15652901,0.1040352,0.23356158,0.1353268,0.21721733,0.0832358,0.20818698,0.2845785,0.15814829,0.1753521,0.38708925,0.07453728,0.22168517,0.15663236,0.1293906,0.16387492
D,0.36799997,0.24793327,0.08270484,0.0,0.06478703,0.13303083,0.17231959,0.035626948,0.10092461,0.045850098,0.08868939,0.14373505,0.09831905,0.04399413,0.3125201,0.04123199,0.23811108,0.08224523,0.07392347,0.032630265
Q,0.33590233,0.106048465,0.15652901,0.06478703,-1.1920929e-07,0.056129217,0.07347238,0.02013582,0.01788783,0.043506205,0.017867148,0.08198267,0.041666746,0.017558753,0.22502857,0.0350129,0.13197404,0.02665782,0.044113994,0.07987213
N,0.27117902,0.13959515,0.1040352,0.13303083,0.056129217,0.0,0.09474003,0.07621384,0.07919401,0.055522263,0.078724146,0.13647407,0.06084764,0.098588765,0.20054531,0.04304272,0.11157864,0.064131916,0.04437399,0.1696465
H,0.15762353,0.05546254,0.23356158,0.17231959,0.07347238,0.09474003,0.0,0.066786826,0.054074705,0.063723445,0.09564817,0.12375218,0.081593394,0.09794676,0.34001666,0.06645101,0.18100268,0.12478101,0.14988703,0.13509548
S,0.25544268,0.102119505,0.1353268,0.035626948,0.02013582,0.07621384,0.066786826,5.9604645e-08,0.02475357,0.018710196,0.035167813,0.05913633,0.038353384,0.011479318,0.23083246,0.015536904,0.1748122,0.042616248,0.044026494,0.029486358
T,0.30830276,0.04825884,0.21721733,0.10092461,0.01788789,0.07919401,0.054074645,0.02475363,0.0,0.066921234,0.04129064,0.037027657,0.020735621,0.018175006,0.18790907,0.05613631,0.113084614,0.0273785,0.06448859,0.07054871
A,0.19235682,0.14436674,0.0832358,0.045850098,0.043506205,0.055522263,0.063723445,0.018710196,0.066921234,0.0,0.058389246,0.118689954,0.06933361,0.054188788,0.2916448,0.0025766492,0.2031678,0.08071387,0.057756603,0.06529611
V,0.30977738,0.111693084,0.20818698,0.08868939,0.017867267,0.078724146,0.09564811,0.035167754,0.04129064,0.058389246,5.9604645e-08,0.09347838,0.08940631,0.03290367,0.2243895,0.05538088,0.222655,0.066784024,0.04307455,0.106494606
I,0.30821854,0.04999435,0.2845785,0.14373505,0.08198267,0.13647407,0.12375218,0.05913633,0.037027657,0.118689954,0.09347832,0.0,0.040996373,0.05207312,0.09825832,0.10817039,0.16384155,0.052912176,0.07342929,0.08182478
L,0.32078624,0.0783723,0.15814829,0.09831905,0.041666746,0.06084764,0.081593394,0.038353384,0.020735621,0.06933361,0.08940631,0.040996373,0.0,0.038802862,0.15520453,0.05256015,0.062018096,0.01494813,0.058627307,0.072327256
M,0.34573078,0.108549535,0.1753521,0.04399413,0.017558753,0.098588765,0.09794676,0.011479318,0.018175006,0.054188788,0.03290361,0.05207312,0.038802862,0.0,0.20980495,0.04373443,0.1633805,0.03151363,0.047508955,0.03146857
P,0.49977487,0.18827647,0.38708925,0.3125201,0.22502857,0.20054531,0.34001666,0.23083246,0.18790907,0.2916448,0.2243895,0.09825832,0.15520453,0.20980495,0.0,0.26801598,0.21426898,0.13693392,0.12232816,0.28509498
G,0.218656,0.14001334,0.07453728,0.04123199,0.0350129,0.04304272,0.06645101,0.015536904,0.05613637,0.0025766492,0.05538088,0.10817039,0.05256015,0.04373443,0.26801598,-1.1920929e-07,0.17288667,0.062856555,0.04589629,0.059948087
Y,0.50929236,0.1802569,0.22168511,0.23811108,0.13197404,0.11157864,0.18100274,0.1748122,0.113084614,0.2031678,0.222655,0.16384155,0.062018096,0.1633805,0.21426898,0.17288667,1.1920929e-07,0.07086992,0.17064643,0.23177165
F,0.4043818,0.115665495,0.15663236,0.08224523,0.02665782,0.064131916,0.12478101,0.042616248,0.0273785,0.08071387,0.066783965,0.052912176,0.01494813,0.03151363,0.13693392,0.062856555,0.07086998,5.9604645e-08,0.039147735,0.08529836
W,0.32507056,0.14561015,0.1293906,0.07392347,0.044113994,0.04437399,0.14988703,0.044026494,0.06448859,0.057756603,0.04307455,0.07342929,0.058627307,0.047508955,0.12232816,0.04589629,0.17064643,0.039147735,5.9604645e-08,0.10136169
C,0.3176,0.16736329,0.16387492,0.032630265,0.07987213,0.1696465,0.13509548,0.029486358,0.07054871,0.06529611,0.106494606,0.08182478,0.072327256,0.03146857,0.28509498,0.059948087,0.23177165,0.08529836,0.10136169,0.0
