,R,K,E,D,Q,N,H,S,T,A,V,I,L,M,P,G,Y,F,W,C
R,0.0,0.56168354,0.45186675,0.4331559,0.41100287,0.4744951,0.4930129,0.49973643,0.42957437,0.41258174,0.42281598,0.41789198,0.42148733,0.41831887,0.40666127,0.43927002,0.42894763,0.40682453,0.42890102,0.5040741
K,0.56168354,0.0,0.31775492,0.29446614,0.2668929,0.34591985,0.3689683,0.37733692,0.2900083,0.26885813,0.2815963,0.27546763,0.27994263,0.2759989,0.2614891,0.30207622,0.28922826,0.2616923,0.2891702,0.3827359
E,0.45186675,0.31775492,0.0,0.1177001,0.083218634,0.1820451,0.21086824,0.22133356,0.1121254,0.08567619,0.10160583,0.09394163,0.09953785,0.09460604,0.0764609,0.12721682,0.11114991,0.07671499,0.11107725,0.22808522
D,0.4331559,0.29446614,0.1177001,0.0,0.05192381,0.15412378,0.18393081,0.19475335,0.08181739,0.054465234,0.07093871,0.06301284,0.06880009,0.06369996,0.044935405,0.09742391,0.08080852,0.045198143,0.08073342,0.2017355
Q,0.41100287,0.2668929,0.083218634,0.05192381,0.0,0.121065795,0.15203768,0.16328323,0.045933545,0.01751244,0.034629703,0.026394129,0.032407522,0.027108073,0.007610202,0.06215,0.044885278,0.007883191,0.044807255,0.17053819
N,0.4744951,0.34591985,0.1820451,0.15412378,0.121065795,0.0,0.2434457,0.25347894,0.14877921,0.12342191,0.13869393,0.1313461,0.1367113,0.1319831,0.11458707,0.16324759,0.14784402,0.11483061,0.14777434,0.2599519
H,0.4930129,0.3689683,0.21086824,0.18393081,0.15203768,0.2434457,0.0,0.27978492,0.1787746,0.15431076,0.16904467,0.16195577,0.1671319,0.1625703,0.14578724,0.19273311,0.1778723,0.14602226,0.17780513,0.28602976
S,0.49973643,0.37733692,0.22133356,0.19475335,0.16328323,0.25347894,0.27978492,0.0,0.1896655,0.16552615,0.18006462,0.17306978,0.17817724,0.17367613,0.15711564,0.20343894,0.18877518,0.15734756,0.1887089,0.29549825
T,0.42957437,0.2900083,0.1121254,0.08181739,0.045933545,0.14877921,0.1787746,0.1896655,0.0,0.048491,0.06506854,0.057092667,0.06291646,0.05778408,0.03890097,0.09172112,0.07500076,0.039165378,0.074925184,0.19669175
A,0.41258174,0.26885813,0.08567619,0.054465234,0.01751244,0.12342191,0.15431076,0.16552615,0.048491,0.0,0.037217498,0.029003978,0.035001278,0.029716015,0.010270417,0.064664006,0.047445595,0.010542691,0.04736775,0.17276168
V,0.42281598,0.2815963,0.10160583,0.07093871,0.034629703,0.13869393,0.16904467,0.18006462,0.06506854,0.037217498,0.0,0.045921028,0.05181384,0.046620667,0.027513802,0.08095974,0.06404132,0.027781367,0.063964844,0.18717414
I,0.41789198,0.27546763,0.09394163,0.06301284,0.026394129,0.1313461,0.16195577,0.17306978,0.057092667,0.029003978,0.045921028,0.0,0.043724835,0.038487375,0.01921755,0.0731194,0.05605662,0.019487381,0.05597955,0.18023992
L,0.42148733,0.27994263,0.09953785,0.06880009,0.032407522,0.1367113,0.1671319,0.17817724,0.06291646,0.035001278,0.05181384,0.043724835,0.0,0.044426084,0.02527529,0.07884425,0.061886847,0.025543451,0.061810195,0.18530309
M,0.41831887,0.2759989,0.09460604,0.06369996,0.027108073,0.1319831,0.1625703,0.17367613,0.05778408,0.029716015,0.046620667,0.038487375,0.044426084,0.0,0.01993674,0.07379913,0.056748867,0.020206392,0.0566718,0.18084103
P,0.40666127,0.2614891,0.0764609,0.044935405,0.007610202,0.11458707,0.14578724,0.15711564,0.03890097,0.010270417,0.027513802,0.01921755,0.02527529,0.01993674,0.0,0.055236995,0.037845016,0.00057017803,0.037766397,0.16442412
G,0.43927002,0.30207622,0.12721682,0.09742391,0.06215,0.16324759,0.19273311,0.20343894,0.09172112,0.064664006,0.08095974,0.0731194,0.07884425,0.07379913,0.055236995,0.0,0.09072316,0.05549687,0.09064889,0.21034575
Y,0.42894763,0.28922826,0.11114991,0.08080852,0.044885278,0.14784402,0.1778723,0.18877518,0.07500076,0.047445595,0.06404132,0.05605662,0.061886847,0.056748867,0.037845016,0.09072316,0.0,0.03810972,0.073908806,0.19580913
F,0.40682453,0.2616923,0.07671499,0.045198143,0.007883191,0.11483061,0.14602226,0.15734756,0.039165378,0.010542691,0.027781367,0.019487381,0.025543451,0.020206392,0.00057017803,0.05549687,0.03810972,0.0,0.0380311,0.16465402
W,0.42890102,0.2891702,0.11107725,0.08073342,0.044807255,0.14777434,0.17780513,0.1887089,0.074925184,0.04736775,0.063964844,0.05597955,0.061810195,0.0566718,0.037766397,0.09064889,0.073908806,0.0380311,0.0,0.19574344
C,0.5040741,0.3827359,0.22808522,0.2017355,0.17053819,0.2599519,0.28602976,0.29549825,0.19669175,0.17276168,0.18717414,0.18023992,0.18530309,0.18084103,0.16442412,0.21034575,0.19580913,0.16465402,0.19574344,0.0
