,R,K,E,D,Q,N,H,S,T,A,V,I,L,M,P,G,Y,F,W,C
R,0.0,0.12373072,0.09253043,0.06326997,0.056286037,0.05606836,0.05479163,0.07236773,0.029661417,0.051349223,0.029372633,0.15501583,0.13971895,0.029382944,0.22552484,0.13981825,0.14072788,0.13982505,0.19984806,0.09020597
K,0.12373072,0.0,0.15629429,0.12908983,0.12259662,0.122394264,0.12120724,0.13754833,0.09784275,0.118006706,0.09757429,0.21438909,0.20016706,0.09758389,0.27994376,0.20025939,0.20110512,0.2002657,0.2560712,0.15413314
E,0.09253043,0.15629429,0.0,0.0980804,0.09135592,0.09114635,0.08991706,0.106840014,0.06572074,0.08660263,0.06544268,0.18641675,0.17168838,0.065452635,0.25430554,0.17178398,0.17265981,0.17179048,0.22958297,0.12401533
D,0.06326997,0.12908983,0.0980804,0.0,0.062057674,0.06184131,0.060572386,0.07804096,0.035595834,0.05715108,0.035308838,0.16018361,0.14498031,0.03531909,0.23026139,0.14507902,0.1459831,0.14508575,0.20474166,0.09577012
Q,0.056286037,0.12259662,0.09135592,0.062057674,0.0,0.054846704,0.053568304,0.07116717,0.028405547,0.050121486,0.028116405,0.1539222,0.13860554,0.028126717,0.22452247,0.13870496,0.13961577,0.13871175,0.19881248,0.08902848
N,0.05606836,0.122394264,0.09114635,0.06184131,0.054846704,0.0,0.05334997,0.07095289,0.028181434,0.04990238,0.027892232,0.15372705,0.13840687,0.027902544,0.2243436,0.1385063,0.13941735,0.13851309,0.19862765,0.08881837
H,0.05479163,0.12120724,0.08991706,0.060572386,0.053568304,0.05334997,0.0,0.06969631,0.026866972,0.048617303,0.026577413,0.1525824,0.13724148,0.026587725,0.22329444,0.13734108,0.13825333,0.13734788,0.19754374,0.087585926
S,0.07236773,0.13754833,0.106840014,0.07804096,0.07116717,0.07095289,0.06969631,0.0,0.044962347,0.0663082,0.04467815,0.16834009,0.15328443,0.044688284,0.23773724,0.15338218,0.1542775,0.15338886,0.2124654,0.10455221
T,0.029661417,0.09784275,0.06572074,0.035595834,0.028405547,0.028181434,0.026866972,0.044962347,0.0,0.02332288,0.0006970167,0.13005215,0.11430335,0.00070762634,0.20264423,0.11440557,0.11534208,0.114412546,0.17620885,0.06332761
A,0.051349223,0.118006706,0.08660263,0.05715108,0.050121486,0.04990238,0.048617303,0.0663082,0.02332288,0.0,0.023032248,0.1494962,0.13409942,0.02304262,0.22046578,0.13419932,0.13511491,0.13420618,0.19462126,0.08426297
V,0.029372633,0.09757429,0.06544268,0.035308838,0.028116405,0.027892232,0.026577413,0.04467815,0.0006970167,0.023032248,0.0,0.12979323,0.11403978,0.00041025877,0.20240694,0.11414206,0.11507887,0.114149034,0.17596376,0.06304884
I,0.15501583,0.21438909,0.18641675,0.16018361,0.1539222,0.15372705,0.1525824,0.16834009,0.13005215,0.1494962,0.12979323,0.0,0.22872317,0.12980247,0.3056516,0.22881222,0.22962773,0.2288183,0.2826314,0.18433279
L,0.13971895,0.20016706,0.17168838,0.14498031,0.13860554,0.13840687,0.13724148,0.15328443,0.11430335,0.13409942,0.11403978,0.22872317,0.0,0.114049196,0.29308176,0.21485132,0.21568161,0.21485752,0.26964474,0.16956669
M,0.029382944,0.09758389,0.065452635,0.03531909,0.028126717,0.027902544,0.026587725,0.044688284,0.00070762634,0.02304262,0.00041025877,0.12980247,0.114049196,0.0,0.2024154,0.11415148,0.115088224,0.11415845,0.17597246,0.06305879
P,0.22552484,0.27994376,0.25430554,0.23026139,0.22452247,0.2243436,0.22329444,0.23773724,0.20264423,0.22046578,0.20240694,0.3056516,0.29308176,0.2024154,0.0,0.29316336,0.2939108,0.2931689,0.34249163,0.25239545
G,0.13981825,0.20025939,0.17178398,0.14507902,0.13870496,0.1385063,0.13734108,0.15338218,0.11440557,0.13419932,0.11414206,0.22881222,0.21485132,0.11415148,0.29316336,0.0,0.21577215,0.21494812,0.26972908,0.16966254
Y,0.14072788,0.20110512,0.17265981,0.1459831,0.13961577,0.13941735,0.13825333,0.1542775,0.11534208,0.13511491,0.11507887,0.22962773,0.21568161,0.115088224,0.2939108,0.21577215,0.0,0.21577829,0.27050132,0.17054063
F,0.13982505,0.2002657,0.17179048,0.14508575,0.13871175,0.13851309,0.13734788,0.15338886,0.114412546,0.13420618,0.114149034,0.2288183,0.21485752,0.11415845,0.2931689,0.21494812,0.21577829,0.0,0.2697348,0.16966903
W,0.19984806,0.2560712,0.22958297,0.20474166,0.19881248,0.19862765,0.19754374,0.2124654,0.17620885,0.19462126,0.17596376,0.2826314,0.26964474,0.17597246,0.34249163,0.26972908,0.27050132,0.2697348,0.0,0.22760957
C,0.09020597,0.15413314,0.12401533,0.09577012,0.08902848,0.08881837,0.087585926,0.10455221,0.06332761,0.08426297,0.06304884,0.18433279,0.16956669,0.06305879,0.25239545,0.16966254,0.17054063,0.16966903,0.22760957,0.0
