,R,K,E,D,Q,N,H,S,T,A,V,I,L,M,P,G,Y,F,W,C
R,5.9604645e-08,0.16043448,0.26405,0.3468699,0.24379522,0.3300473,0.16773397,0.33680838,0.2262544,0.2562108,0.23006046,0.217946,0.20437008,0.19338703,0.23118609,0.2514122,0.1411764,0.15436,0.22764522,0.35351413
K,0.16043448,5.9604645e-08,0.15938002,0.23670691,0.21892619,0.22546661,0.20627648,0.23809701,0.16503614,0.1996516,0.24537462,0.2765711,0.25450343,0.15663749,0.17294645,0.19638568,0.23915619,0.18432176,0.26481223,0.44149882
E,0.26405,0.15938002,5.9604645e-08,0.023209691,0.02834326,0.03323865,0.07173276,0.047094703,0.019091427,0.015672266,0.053428292,0.08619416,0.065087855,0.024605036,0.04087776,0.039698005,0.12788254,0.07901484,0.10594761,0.3279099
D,0.3468699,0.23670691,0.023209691,0.0,0.05120808,0.018941283,0.07753962,0.05074513,0.037254095,0.049197137,0.10633695,0.14709818,0.122267485,0.06832236,0.10946792,0.06061524,0.18707508,0.1434918,0.14643943,0.35413927
Q,0.24379522,0.21892619,0.02834326,0.05120808,5.9604645e-08,0.039339364,0.03082484,0.06011468,0.011333644,0.009566188,0.02534926,0.046843946,0.03475201,0.021070838,0.07079816,0.01749748,0.070816696,0.050393045,0.09448606,0.3033228
N,0.3300473,0.22546661,0.03323865,0.018941283,0.039339364,0.0,0.07033676,0.016518414,0.017780066,0.035204828,0.1033355,0.14754057,0.1287576,0.060961783,0.13642049,0.023792088,0.17132652,0.14386863,0.14143378,0.39001483
H,0.16773397,0.20627648,0.07173276,0.07753962,0.03082484,0.07033676,5.9604645e-08,0.115747094,0.0341056,0.06146568,0.07103664,0.0854013,0.07235187,0.048988402,0.1285097,0.048850358,0.062454045,0.06078714,0.112688005,0.28314728
S,0.33680838,0.23809701,0.047094703,0.05074513,0.06011468,0.016518414,0.115747094,0.0,0.032840014,0.0369007,0.10938299,0.15471995,0.13713533,0.07145649,0.14287168,0.028795898,0.18874693,0.16644955,0.13731498,0.39025283
T,0.2262544,0.16503614,0.019091487,0.037254095,0.011333644,0.017780125,0.03410566,0.032840073,0.0,0.011565745,0.051133156,0.08215934,0.06697363,0.020196855,0.08397639,0.007383108,0.09312254,0.07023835,0.09737384,0.32230037
A,0.2562108,0.1996516,0.015672266,0.049197137,0.009566188,0.035204828,0.06146568,0.0369007,0.011565745,0.0,0.02354294,0.04927796,0.038038254,0.013673902,0.05247271,0.014862955,0.085368514,0.057279885,0.07833016,0.31351674
V,0.23006046,0.24537468,0.053428352,0.10633695,0.025349319,0.1033355,0.07103664,0.10938293,0.051133156,0.02354294,0.0,0.005127728,0.005249083,0.017939568,0.04396218,0.05155462,0.03674692,0.019869268,0.04968357,0.26479107
I,0.217946,0.2765711,0.08619416,0.14709818,0.046843946,0.14754057,0.0854013,0.15471995,0.0821594,0.04927796,0.005127728,0.0,0.0047177672,0.034901142,0.05633074,0.08184028,0.0265401,0.01709199,0.05104643,0.2553684
L,0.20437008,0.25450343,0.065087855,0.122267485,0.03475201,0.1287576,0.07235187,0.13713533,0.06697363,0.038038254,0.0052491426,0.0047177672,-1.1920929e-07,0.030742288,0.040275753,0.07514566,0.038125932,0.02083385,0.066593766,0.2528035
M,0.19338703,0.15663749,0.024605036,0.06832236,0.021070838,0.060961783,0.048988402,0.07145649,0.020196855,0.013673902,0.017939568,0.034901142,0.030742288,5.9604645e-08,0.043840647,0.025803566,0.04647231,0.02324909,0.043435276,0.28139365
P,0.23118609,0.17294645,0.04087776,0.10946792,0.07079816,0.13642049,0.1285097,0.14287168,0.08397639,0.05247271,0.04396212,0.05633074,0.040275753,0.043840647,0.0,0.11109048,0.11405462,0.054062247,0.11476821,0.34767997
G,0.2514122,0.19638568,0.039698005,0.06061524,0.01749748,0.023792088,0.048850358,0.028795898,0.007383108,0.014862955,0.05155456,0.08184028,0.07514566,0.025803566,0.11109048,0.0,0.08776891,0.07780355,0.08610213,0.32490337
Y,0.1411764,0.23915619,0.12788254,0.18707508,0.070816696,0.17132652,0.062454045,0.18874693,0.09312254,0.085368514,0.03674692,0.026540041,0.038125932,0.04647231,0.11405462,0.08776891,0.0,0.014765561,0.045684993,0.23219836
F,0.15436,0.18432176,0.07901484,0.1434918,0.050393045,0.14386863,0.06078714,0.16644955,0.07023835,0.057279885,0.019869328,0.01709199,0.02083385,0.02324909,0.054062247,0.07780355,0.014765561,0.0,0.05345702,0.2647426
W,0.22764522,0.26481223,0.10594761,0.14643943,0.09448606,0.14143378,0.112688005,0.13731498,0.09737384,0.07833016,0.04968357,0.05104643,0.066593766,0.043435276,0.11476821,0.08610213,0.045684993,0.05345702,0.0,0.22317988
C,0.35351413,0.44149882,0.3279099,0.35413927,0.3033228,0.39001483,0.28314728,0.39025283,0.32230037,0.31351674,0.26479107,0.2553684,0.2528035,0.28139365,0.34767997,0.32490337,0.23219836,0.2647426,0.22317988,0.0
