,R,K,E,D,Q,N,H,S,T,A,V,I,L,M,P,G,Y,F,W,C
R,-1.1920929e-07,0.16632217,0.7090503,0.6699722,0.39488477,0.38966465,0.3229456,0.48490763,0.35888886,0.54585624,0.42389905,0.35598248,0.38611203,0.34490913,0.4943409,0.60246885,0.45074308,0.41523314,0.312019,0.37021768
K,0.16632217,0.0,0.44884163,0.38638932,0.18951142,0.12779742,0.1360091,0.2060017,0.19101125,0.2580294,0.28321797,0.28197527,0.2721442,0.18436384,0.2421689,0.28873318,0.2769456,0.22471905,0.18140042,0.26095068
E,0.7090503,0.44884163,0.0,0.010987937,0.18715477,0.2789147,0.34253812,0.29931182,0.1877926,0.061641574,0.118870795,0.15734184,0.16352338,0.11176771,0.067983925,0.13651896,0.12126899,0.18740511,0.17641175,0.3183133
D,0.6699722,0.38638932,0.010987937,0.0,0.13815027,0.21877337,0.27302438,0.25253987,0.18130136,0.035259426,0.1187737,0.16239494,0.16352874,0.085443616,0.040673614,0.09118885,0.09372127,0.187078,0.1291213,0.30840284
Q,0.39488477,0.18951142,0.18715477,0.13815027,0.0,0.08748287,0.10526401,0.0904364,0.086818814,0.05889684,0.112261,0.10165453,0.11415416,0.06523788,0.050183654,0.068864584,0.07813448,0.1170544,0.07021636,0.24695677
N,0.38966465,0.12779742,0.2789147,0.21877337,0.08748287,0.0,0.13478261,0.18958598,0.09433466,0.13289034,0.18708628,0.21533436,0.24014378,0.10325903,0.14854741,0.19315785,0.21787965,0.1693536,0.107379794,0.27629197
H,0.3229456,0.1360091,0.34253812,0.27302438,0.10526401,0.13478261,0.0,0.09539491,0.2081067,0.17487317,0.28422278,0.24766201,0.28516155,0.11930215,0.12940437,0.12649477,0.11436522,0.247675,0.14018494,0.46702635
S,0.48490763,0.2060017,0.29931182,0.25253987,0.0904364,0.18958598,0.09539491,-1.1920929e-07,0.19593251,0.1384424,0.27118677,0.23052055,0.22783959,0.18002456,0.109723926,0.06959307,0.12095934,0.16859603,0.22603178,0.37765574
T,0.35888892,0.19101125,0.1877926,0.18130136,0.086818814,0.09433466,0.2081067,0.19593257,0.0,0.11529106,0.08234376,0.07519686,0.115026176,0.07924801,0.118219554,0.20341587,0.18133521,0.077038825,0.1417191,0.22746843
A,0.54585624,0.2580294,0.061641574,0.035259426,0.05889684,0.13289034,0.17487317,0.1384424,0.11529106,0.0,0.06840265,0.09871405,0.08872992,0.059301257,0.015156865,0.056583405,0.054027796,0.08687192,0.08295131,0.25020146
V,0.42389905,0.28321803,0.118870795,0.1187737,0.112261,0.18708622,0.28422278,0.2711867,0.08234376,0.06840265,5.9604645e-08,0.021387815,0.020064652,0.08932823,0.10118914,0.21313632,0.123425305,0.047021925,0.09704512,0.18877721
I,0.35598248,0.28197527,0.15734184,0.16239494,0.10165453,0.21533436,0.24766201,0.23052055,0.07519686,0.09871405,0.021387875,0.0,0.019524276,0.08451462,0.10545242,0.21328962,0.100155294,0.047134638,0.10599095,0.20898545
L,0.38611203,0.2721442,0.16352338,0.16352874,0.11415416,0.24014378,0.28516155,0.22783959,0.115026176,0.08872992,0.020064652,0.019524276,-1.1920929e-07,0.11942428,0.111674786,0.20852661,0.11212146,0.03759986,0.11889613,0.16117811
M,0.34490913,0.18436384,0.11176771,0.085443616,0.06523788,0.10325903,0.11930215,0.18002456,0.07924801,0.059301257,0.08932817,0.08451462,0.11942428,5.9604645e-08,0.037575662,0.11848414,0.057743907,0.12246215,0.031099379,0.23390359
P,0.4943409,0.2421689,0.067983925,0.040673614,0.050183654,0.14854741,0.12940437,0.109723926,0.118219554,0.015156865,0.10118908,0.10545242,0.111674786,0.037575662,0.0,0.032180667,0.026893258,0.118548274,0.07769543,0.27436346
G,0.60246885,0.28873318,0.13651896,0.09118885,0.068864584,0.19315785,0.12649477,0.06959307,0.20341593,0.056583405,0.21313632,0.21328962,0.20852661,0.11848414,0.032180667,0.0,0.064765334,0.2073465,0.16010267,0.37985063
Y,0.45074308,0.2769456,0.12126899,0.09372127,0.07813448,0.21787965,0.11436522,0.12095934,0.18133521,0.054027796,0.123425305,0.100155294,0.11212146,0.057743907,0.026893258,0.064765334,5.9604645e-08,0.13705552,0.07950699,0.3264715
F,0.41523314,0.22471905,0.18740511,0.187078,0.1170544,0.1693536,0.247675,0.16859603,0.077038765,0.08687192,0.047021866,0.047134638,0.03759986,0.12246215,0.118548274,0.2073465,0.13705552,0.0,0.14804387,0.1798253
W,0.312019,0.18140042,0.17641175,0.1291213,0.07021636,0.107379735,0.14018494,0.22603178,0.14171904,0.08295131,0.09704512,0.10599095,0.11889613,0.031099379,0.07769543,0.16010267,0.07950699,0.14804387,0.0,0.19786495
C,0.37021768,0.26095068,0.3183133,0.30840284,0.24695677,0.27629197,0.46702635,0.37765574,0.22746843,0.25020146,0.18877721,0.20898545,0.16117811,0.23390359,0.27436346,0.37985063,0.3264715,0.1798253,0.19786495,5.9604645e-08
