,R,K,E,D,Q,N,H,S,T,A,V,I,L,M,P,G,Y,F,W,C
R,0.0,0.44786233,0.28447747,0.24022496,0.20416063,0.24293321,0.2973501,0.20443374,0.22719842,0.20534295,0.23425269,0.29927135,0.20374101,0.2055254,0.47950327,0.20378816,0.21034783,0.20305747,0.21091342,0.23487294
K,0.44786233,0.0,0.37831664,0.33986777,0.3085332,0.34222084,0.38950104,0.30877048,0.32854968,0.30956042,0.33467877,0.39117038,0.3081686,0.30971903,0.54776525,0.30820954,0.31390893,0.30757475,0.31440037,0.33521765
E,0.28447747,0.37831664,0.0,0.14452595,0.10391909,0.14757532,0.20884639,0.10422653,0.12985861,0.10525024,0.13780141,0.21100962,0.10344654,0.105455756,0.413943,0.10349959,0.11088556,0.10267693,0.111522436,0.1384998
D,0.24022496,0.33986777,0.14452595,0.0,0.048499703,0.094855905,0.15991634,0.048826158,0.076043546,0.049913168,0.084477544,0.16221344,0.04799795,0.05013138,0.37769753,0.048054278,0.055896997,0.04718077,0.05657327,0.085219085
Q,0.20416063,0.3085332,0.10391909,0.048499703,0.0,0.051891387,0.12004,0.0036767125,0.03218597,0.00481534,0.041020334,0.12244612,0.002809167,0.0050438643,0.3481586,0.0028681755,0.011083186,0.0019531846,0.011791527,0.0417971
N,0.24293321,0.34222084,0.14757532,0.094855905,0.051891387,0.0,0.16291088,0.05221665,0.079337,0.053299844,0.08774102,0.16519976,0.051391423,0.053517282,0.3799157,0.05144757,0.059262335,0.050577164,0.059936166,0.08847988
H,0.2973501,0.38950104,0.20884639,0.15991634,0.12004,0.16291088,0.0,0.12034196,0.14551294,0.12134725,0.15331286,0.22520399,0.11957604,0.12154907,0.42448646,0.11962813,0.12688118,0.11882025,0.12750655,0.15399861
S,0.20443374,0.30877048,0.10422653,0.048826158,0.0036767125,0.05221665,0.12034196,0.0,0.03251809,0.005156815,0.04134941,0.12274724,0.0031512976,0.0053852797,0.3483823,0.0032103062,0.011422515,0.0022956133,0.012130618,0.04212588
T,0.22719842,0.32854968,0.12985861,0.076043546,0.03218597,0.079337,0.14551294,0.03251809,0.0,0.033623755,0.06878072,0.14784938,0.031675637,0.033845663,0.367028,0.031732976,0.039710164,0.03084445,0.040398,0.06953496
A,0.20534295,0.30956042,0.10525024,0.049913168,0.00481534,0.053299844,0.12134725,0.005156815,0.033623755,0.0,0.042445004,0.12374979,0.0042905807,0.00652194,0.34912694,0.00434947,0.012552261,0.0034358501,0.01325959,0.04322058
V,0.23425269,0.33467877,0.13780141,0.084477544,0.041020334,0.08774102,0.15331286,0.04134941,0.06878072,0.042445004,0.0,0.15562797,0.040514708,0.042664886,0.37280583,0.04057145,0.04847586,0.03969109,0.04915738,0.07802838
I,0.29927135,0.39117038,0.21100962,0.16221344,0.12244612,0.16519976,0.22520399,0.12274724,0.14784938,0.12374979,0.15562797,0.0,0.12198335,0.12395102,0.42606014,0.122035325,0.12926859,0.12122971,0.12989223,0.15631187
L,0.20374101,0.3081686,0.10344654,0.04799795,0.002809167,0.051391423,0.11957604,0.0031512976,0.031675637,0.0042905807,0.040514708,0.12198335,0.0,0.004519224,0.34781486,0.002342403,0.010561705,0.0014269352,0.0112704635,0.041291833
M,0.2055254,0.30971903,0.105455756,0.05013138,0.0050438643,0.053517282,0.12154907,0.0053852797,0.033845663,0.00652194,0.042664886,0.12395102,0.004519224,0.0,0.34927642,0.004578173,0.012779057,0.003664732,0.0134862065,0.043440282
P,0.47950327,0.54776525,0.413943,0.37769753,0.3481586,0.3799157,0.42448646,0.3483823,0.367028,0.34912694,0.37280583,0.42606014,0.34781486,0.34927642,0.0,0.34785348,0.3532263,0.34725505,0.35368955,0.37331384
G,0.20378816,0.30820954,0.10349959,0.048054278,0.0028681755,0.05144757,0.11962813,0.0032103062,0.031732976,0.00434947,0.04057145,0.122035325,0.002342403,0.004578173,0.34785348,0.0,0.010620296,0.0014860034,0.011328995,0.041348577
Y,0.21034783,0.31390893,0.11088556,0.055896997,0.011083186,0.059262335,0.12688118,0.011422515,0.039710164,0.012552261,0.04847586,0.12926859,0.010561705,0.012779057,0.3532263,0.010620296,0.0,0.009712398,0.019474268,0.04924655
F,0.20305747,0.30757475,0.10267693,0.04718077,0.0019531846,0.050577164,0.11882025,0.0022956133,0.03084445,0.0034358501,0.03969109,0.12122971,0.0014269352,0.003664732,0.34725505,0.0014860034,0.009712398,0.0,0.010421753,0.04046887
W,0.21091342,0.31440037,0.111522436,0.05657327,0.011791527,0.059936166,0.12750655,0.012130618,0.040398,0.01325959,0.04915738,0.12989223,0.0112704635,0.0134862065,0.35368955,0.011328995,0.019474268,0.010421753,0.0,0.049927533
C,0.23487294,0.33521765,0.1384998,0.085219085,0.0417971,0.08847988,0.15399861,0.04212588,0.06953496,0.04322058,0.07802838,0.15631187,0.041291833,0.043440282,0.37331384,0.041348577,0.04924655,0.04046887,0.049927533,0.0
