,R,K,E,D,Q,N,H,S,T,A,V,I,L,M,P,G,Y,F,W,C
R,-1.1920929e-07,0.0911212,0.5094054,0.35535908,0.33205146,0.46930355,0.22803533,0.46214515,0.47041273,0.4006508,0.21201766,0.24087608,0.2451185,0.3536722,0.2155171,0.3288437,0.06673831,0.15333694,0.06137526,0.38743466
K,0.0911212,1.1920929e-07,0.41064227,0.3217218,0.2540313,0.37099475,0.19681305,0.38341862,0.4752295,0.3652972,0.16995132,0.15521127,0.20749271,0.21090263,0.24298751,0.24914944,0.12479991,0.19441777,0.23510319,0.35034567
E,0.5094054,0.41064227,0.0,0.14677429,0.23115033,0.19257522,0.42579496,0.20280457,0.20839673,0.15851998,0.46460176,0.31401074,0.256683,0.29402274,0.25956357,0.2954548,0.63546187,0.38823205,0.63613653,0.16301054
D,0.35535908,0.3217218,0.14677429,0.0,0.19936669,0.30224025,0.24302238,0.29554963,0.38640273,0.2505561,0.23326671,0.2083053,0.1735304,0.254026,0.14429307,0.20519686,0.35096633,0.35797083,0.41630363,0.23870832
Q,0.33205146,0.2540313,0.23115033,0.19936669,5.9604645e-08,0.06371117,0.06259632,0.05450535,0.14592427,0.054724157,0.111566186,0.033925414,0.013320684,0.032776177,0.049895585,0.016375303,0.3480937,0.09941888,0.31602037,0.04464662
N,0.46930355,0.37099475,0.19257522,0.30224025,0.06371117,1.1920929e-07,0.22219217,0.0048518777,0.05440986,0.023499489,0.3117391,0.12217468,0.113729835,0.12359381,0.16526723,0.11363292,0.5020265,0.1864742,0.46812546,0.022510469
H,0.22803533,0.19681305,0.42579496,0.24302238,0.06259632,0.22219217,5.9604645e-08,0.19770885,0.3314374,0.1921488,0.02592349,0.03222996,0.030748248,0.057604015,0.050017536,0.031131208,0.19905007,0.088341415,0.18490732,0.17403865
S,0.46214515,0.38341862,0.20280457,0.29554963,0.05450535,0.0048518777,0.19770885,-1.1920929e-07,0.055513084,0.0130755305,0.2988571,0.11190361,0.0957641,0.1109395,0.13720524,0.09294629,0.49760932,0.16487485,0.44142723,0.012273252
T,0.47041273,0.47522944,0.20839673,0.38640273,0.14592427,0.05440986,0.3314374,0.055513084,0.0,0.038520455,0.4302324,0.24910516,0.18859005,0.2600472,0.20663363,0.22816086,0.5877985,0.18425173,0.44235116,0.044597924
A,0.4006508,0.3652972,0.15851998,0.2505561,0.054724157,0.023499489,0.1921488,0.0130755305,0.038520455,0.0,0.2895214,0.12173134,0.079544246,0.12476176,0.09807563,0.09705937,0.47711426,0.13042939,0.384772,0.00063973665
V,0.21201766,0.16995132,0.46460176,0.23326671,0.11156613,0.3117391,0.02592349,0.2988571,0.4302324,0.2895214,-1.1920929e-07,0.074558735,0.07516372,0.10641408,0.09750795,0.08673227,0.16947699,0.14676642,0.19551015,0.26673895
I,0.24087608,0.15521127,0.31401074,0.2083053,0.033925414,0.12217468,0.03222996,0.11190361,0.2491051,0.12173134,0.074558794,5.9604645e-08,0.023931384,0.030391693,0.061867535,0.019970775,0.21134043,0.09951997,0.2467537,0.10722417
L,0.2451185,0.20749271,0.256683,0.1735304,0.013320684,0.113729835,0.030748248,0.0957641,0.18859005,0.079544246,0.07516378,0.023931384,-1.1920929e-07,0.03955823,0.016381204,0.01336503,0.266926,0.06682354,0.22765875,0.06782836
M,0.3536722,0.21090263,0.29402274,0.254026,0.032776177,0.12359381,0.057604015,0.1109395,0.2600472,0.12476176,0.10641402,0.030391693,0.03955823,0.0,0.09628314,0.017740428,0.35601443,0.1331088,0.37247956,0.11292714
P,0.2155171,0.24298751,0.25956357,0.14429307,0.049895585,0.16526723,0.050017536,0.13720524,0.20663369,0.09807563,0.09750795,0.061867535,0.016381204,0.09628314,5.9604645e-08,0.0453645,0.25275093,0.07161826,0.17922902,0.08737916
G,0.3288437,0.24914944,0.2954548,0.20519686,0.016375303,0.11363292,0.031131208,0.09294629,0.22816086,0.09705937,0.08673227,0.019970775,0.01336503,0.017740428,0.0453645,5.9604645e-08,0.3155517,0.110209286,0.30164587,0.084374964
Y,0.06673831,0.12479991,0.63546187,0.35096633,0.3480937,0.5020265,0.19905007,0.49760932,0.5877985,0.47711426,0.16947699,0.21134043,0.266926,0.35601443,0.25275093,0.3155517,0.0,0.2439571,0.09096229,0.45523632
F,0.15333694,0.19441777,0.38823205,0.35797083,0.09941888,0.1864742,0.088341415,0.16487485,0.18425179,0.13042939,0.14676642,0.09951997,0.06682354,0.1331088,0.07161826,0.110209286,0.2439571,0.0,0.12240988,0.123153865
W,0.06137526,0.23510319,0.63613653,0.41630363,0.31602037,0.46812546,0.18490732,0.44142723,0.44235116,0.384772,0.19551015,0.2467537,0.22765875,0.37247956,0.17922902,0.30164587,0.09096229,0.12240988,-1.1920929e-07,0.3701808
C,0.38743466,0.35034567,0.16301054,0.23870832,0.04464662,0.022510469,0.17403865,0.012273252,0.044597924,0.00063973665,0.26673895,0.10722417,0.06782836,0.11292714,0.08737916,0.084374964,0.45523632,0.123153865,0.3701808,0.0
