,R,K,E,D,Q,N,H,S,T,A,V,I,L,M,P,G,Y,F,W,C
R,0.0,0.12890059,0.12907314,0.1284188,0.11179632,0.24252951,0.12839562,0.27077836,0.1026243,0.58638984,0.22959435,0.15996987,0.48809695,0.3580268,0.13012934,0.8158754,0.33399224,0.39949226,0.43879938,0.49809647
K,0.12890059,0.0,0.11796808,0.1173054,0.10047096,0.23287112,0.117281914,0.26148015,0.09118199,0.58111596,0.21977103,0.14925879,0.48156977,0.34984112,0.11903775,0.81352764,0.32550007,0.39183527,0.43164355,0.49169677
E,0.12907314,0.11796808,0.0,0.11748022,0.10064912,0.23302305,0.117456734,0.26162642,0.091362,0.58119893,0.21992552,0.1494273,0.4816724,0.34996986,0.11921221,0.81356454,0.3256337,0.39195573,0.43175614,0.49179745
D,0.1284188,0.1173054,0.11748022,0.0,0.09997344,0.23244679,0.11679369,0.26107168,0.09067929,0.5808842,0.21933949,0.14878821,0.481283,0.34948152,0.11855048,0.81342447,0.325127,0.39149892,0.4313292,0.49141562
Q,0.11179632,0.10047096,0.10064912,0.09997344,0.0,0.2178083,0.09994954,0.24697918,0.07333714,0.57289106,0.20445102,0.1325543,0.47139025,0.3370751,0.101739824,0.8098662,0.31225616,0.37989384,0.42048377,0.48171616
N,0.24252951,0.23287112,0.23302305,0.23244679,0.2178083,0.0,0.2324264,0.35781497,0.20973098,0.6357565,0.3215465,0.2602321,0.5491954,0.43464988,0.23395318,0.83785164,0.41348398,0.4711662,0.50578177,0.5580014
H,0.12839562,0.117281914,0.117456734,0.11679369,0.09994954,0.2324264,0.0,0.26105207,0.09065515,0.58087313,0.21931875,0.14876562,0.48126924,0.34946424,0.118527055,0.8134195,0.32510906,0.39148277,0.4313141,0.49140215
S,0.27077836,0.26148015,0.26162642,0.26107168,0.24697918,0.35781497,0.26105207,0.0,0.2392031,0.6493405,0.34684855,0.28782082,0.5660076,0.45573384,0.26252192,0.8438988,0.43535733,0.49088836,0.52421296,0.5744852
T,0.1026243,0.09118199,0.091362,0.09067929,0.07333714,0.20973098,0.09065515,0.2392031,0.0,0.5684805,0.19623578,0.12359655,0.46593153,0.3302294,0.09246391,0.8079028,0.30515414,0.37349027,0.41449934,0.47636408
A,0.58638984,0.58111596,0.58119893,0.5808842,0.57289106,0.6357565,0.58087313,0.6493405,0.5684805,0.0,0.6295364,0.5960562,0.75384206,0.6912955,0.5817068,0.91146034,0.67973804,0.7112349,0.7301364,0.75865054
V,0.22959435,0.21977103,0.21992552,0.21933949,0.20445102,0.3215465,0.21931875,0.34684855,0.19623578,0.6295364,0.0,0.24759924,0.5414971,0.42499548,0.22087157,0.8350827,0.40346813,0.46213543,0.4973421,0.55045354
I,0.15996987,0.14925879,0.1494273,0.14878821,0.1325543,0.2602321,0.14876562,0.28782082,0.12359655,0.5960562,0.24759924,0.0,0.5000605,0.3730302,0.15045881,0.8201785,0.34955734,0.4135266,0.45191503,0.5098263
L,0.48809695,0.48156977,0.4816724,0.481283,0.47139025,0.5491954,0.48126924,0.5660076,0.46593153,0.75384206,0.5414971,0.5000605,0.0,0.61793303,0.48230106,0.8904192,0.603629,0.642611,0.6660044,0.7012948
M,0.3580268,0.34984112,0.34996986,0.34948152,0.3370751,0.43464988,0.34946424,0.45573384,0.3302294,0.6912955,0.42499548,0.3730302,0.61793303,0.0,0.3507582,0.86257565,0.50291455,0.55180156,0.58113897,0.6253964
P,0.13012934,0.11903775,0.11921221,0.11855048,0.101739824,0.23395318,0.118527055,0.26252192,0.09246391,0.5817068,0.22087157,0.15045881,0.48230106,0.3507582,0.0,0.8137907,0.32645154,0.39269316,0.4324453,0.49241376
G,0.8158754,0.81352764,0.81356454,0.81342447,0.8098662,0.83785164,0.8134195,0.8438988,0.8079028,0.91146034,0.8350827,0.8201785,0.8904192,0.86257565,0.8137907,0.0,0.8574307,0.871452,0.8798663,0.89255977
Y,0.33399224,0.32550007,0.3256337,0.325127,0.31225616,0.41348398,0.32510906,0.43535733,0.30515414,0.67973804,0.40346813,0.34955734,0.603629,0.50291455,0.32645154,0.8574307,0.0,0.53502166,0.56545746,0.61137176
F,0.39949226,0.39183527,0.39195573,0.39149892,0.37989384,0.4711662,0.39148277,0.49088836,0.37349027,0.7112349,0.46213543,0.4135266,0.642611,0.55180156,0.39269316,0.871452,0.53502166,0.0,0.6081935,0.6495922
W,0.43879938,0.43164355,0.43175614,0.4313292,0.42048377,0.50578177,0.4313141,0.52421296,0.41449934,0.7301364,0.4973421,0.45191503,0.6660044,0.58113897,0.4324453,0.8798663,0.56545746,0.6081935,0.0,0.6725286
C,0.49809647,0.49169677,0.49179745,0.49141562,0.48171616,0.5580014,0.49140215,0.5744852,0.47636408,0.75865054,0.55045354,0.5098263,0.7012948,0.6253964,0.49241376,0.89255977,0.61137176,0.6495922,0.6725286,0.0
