,R,K,E,D,Q,N,H,S,T,A,V,I,L,M,P,G,Y,F,W,C
R,1.7881393e-07,0.04884571,0.21538973,0.35651338,0.09925544,0.18000394,0.28719944,0.4208399,0.5606981,0.77143073,0.49016124,0.3120147,0.28252375,0.38631546,0.20495266,0.66680145,0.23250687,0.21139145,0.23925614,0.42315352
K,0.04884571,-2.3841858e-07,0.22882825,0.3657694,0.1200732,0.18868887,0.30553788,0.44649386,0.5638779,0.78524834,0.497846,0.30523044,0.29425794,0.39204943,0.2521696,0.6692818,0.24660736,0.2249332,0.24525058,0.4301687
E,0.21538973,0.22882825,5.9604645e-08,0.11706895,0.24469024,0.2972343,0.39559197,0.46211803,0.5483093,0.7716231,0.536425,0.4096191,0.43240458,0.49270564,0.36996782,0.67358315,0.39282995,0.3846689,0.4092195,0.4214025
D,0.35651338,0.3657694,0.11706895,0.0,0.38894194,0.37051398,0.5229506,0.4644826,0.54645216,0.85344076,0.5054023,0.48686296,0.47484523,0.54240835,0.44778746,0.7007794,0.5566275,0.55664074,0.56622726,0.25151807
Q,0.09925544,0.1200732,0.24469024,0.38894194,-1.1920929e-07,0.15155119,0.23473358,0.45087332,0.57543147,0.7800691,0.4863686,0.28984445,0.28583413,0.3707307,0.27148318,0.6934587,0.25757647,0.19120222,0.21208525,0.42416185
N,0.18000394,0.18868887,0.2972343,0.37051398,0.15155119,0.0,0.24954224,0.31837064,0.4761436,0.70672435,0.44771904,0.31414872,0.27969283,0.38447392,0.2694317,0.6123315,0.2923947,0.24708289,0.24597365,0.3638214
H,0.28719944,0.30553788,0.39559197,0.5229506,0.23473358,0.24954224,5.9604645e-08,0.5179062,0.63524365,0.841309,0.5908756,0.42749566,0.4168421,0.4874255,0.35875338,0.7390269,0.34177428,0.28387457,0.27958423,0.5214611
S,0.4208399,0.44649386,0.46211803,0.4644826,0.45087332,0.31837064,0.5179062,5.9604645e-08,0.27753174,0.55117595,0.4491787,0.3720448,0.39879382,0.39259148,0.4047796,0.5472534,0.5372833,0.44061345,0.5068194,0.32364494
T,0.56069803,0.5638778,0.5483093,0.54645216,0.5754314,0.47614366,0.6352436,0.27753174,0.0,0.46677446,0.38876736,0.48314095,0.51970583,0.49993086,0.50185096,0.40502524,0.6572973,0.5802874,0.5990864,0.38286626
A,0.77143073,0.78524834,0.7716231,0.85344076,0.7800691,0.70672435,0.841309,0.55117595,0.46677446,0.0,0.5580578,0.6776578,0.67542946,0.5972045,0.7029898,0.3705067,0.7995946,0.7709975,0.77252203,0.47041166
V,0.49016124,0.49784595,0.536425,0.5054023,0.48636854,0.44771904,0.5908756,0.4491788,0.38876736,0.5580578,0.0,0.24268067,0.3415398,0.4347968,0.4484445,0.5346938,0.59925866,0.475622,0.5784086,0.26595747
I,0.3120147,0.30523044,0.4096191,0.48686296,0.28984445,0.31414872,0.42749566,0.3720448,0.48314095,0.6776578,0.24268067,5.9604645e-08,0.20733023,0.23220658,0.35352272,0.6533301,0.4158538,0.280083,0.42808485,0.29417223
L,0.28252375,0.29425794,0.43240458,0.47484523,0.28583413,0.27969283,0.4168421,0.39879382,0.5197058,0.67542946,0.3415398,0.20733023,-1.1920929e-07,0.19863737,0.36402363,0.63974166,0.43505377,0.2434237,0.3981552,0.30531198
M,0.38631546,0.39204943,0.49270564,0.54240835,0.3707307,0.38447392,0.4874255,0.39259148,0.49993086,0.5972045,0.43479687,0.23220658,0.19863737,-1.1920929e-07,0.42921084,0.59723836,0.435861,0.2833253,0.45385754,0.31965995
P,0.20495266,0.2521696,0.36996782,0.44778746,0.27148318,0.2694317,0.35875338,0.4047796,0.501851,0.7029898,0.4484445,0.35352272,0.36402363,0.42921084,-1.1920929e-07,0.6362979,0.37167013,0.32870674,0.37641513,0.40960693
G,0.66680145,0.6692818,0.67358315,0.7007794,0.6934587,0.6123315,0.7390269,0.5472534,0.40502524,0.3705067,0.5346938,0.6533301,0.63974166,0.59723836,0.6362979,-1.1920929e-07,0.7323822,0.6775111,0.70638597,0.49916184
Y,0.23250681,0.24660736,0.39282995,0.5566275,0.25757647,0.2923947,0.34177423,0.5372833,0.65729725,0.7995946,0.59925866,0.41585374,0.43505377,0.435861,0.37167013,0.7323822,-1.1920929e-07,0.24814779,0.24311376,0.5529336
F,0.21139145,0.2249332,0.3846689,0.55664074,0.19120222,0.24708289,0.28387457,0.44061345,0.5802874,0.7709975,0.47562194,0.280083,0.2434237,0.2833253,0.32870674,0.6775111,0.24814779,0.0,0.21038407,0.42540437
W,0.23925614,0.24525058,0.4092195,0.56622726,0.21208525,0.2459737,0.2795843,0.5068194,0.5990864,0.77252203,0.5784086,0.42808485,0.3981552,0.45385748,0.37641513,0.70638597,0.24311376,0.21038407,5.9604645e-08,0.5269773
C,0.42315352,0.4301687,0.4214025,0.25151807,0.42416185,0.3638214,0.5214611,0.32364494,0.38286626,0.47041166,0.26595747,0.29417223,0.30531198,0.31965995,0.40960693,0.49916184,0.5529336,0.42540437,0.5269773,0.0
