,R,K,E,D,Q,N,H,S,T,A,V,I,L,M,P,G,Y,F,W,C
R,0.0,0.0885818,0.12831128,0.1527015,0.10643107,0.22807133,0.16951251,0.36669958,0.11815196,0.4766627,0.2510494,0.16999,0.53671163,0.36683726,0.15800488,0.8715633,0.40817392,0.49799412,0.60176164,0.52850217
K,0.0885818,5.9604645e-08,0.10689694,0.14767116,0.08183956,0.21195513,0.12929136,0.4033332,0.10464227,0.5090821,0.26997876,0.16921866,0.55401963,0.39518,0.14997971,0.9022939,0.4259172,0.5100758,0.58686674,0.5536703
E,0.12831128,0.10689694,5.9604645e-08,0.024705827,0.04858756,0.23269892,0.13872886,0.35760373,0.076375425,0.46807736,0.23378706,0.13366133,0.57176906,0.3815536,0.06007296,0.86862224,0.4332478,0.52981913,0.5889362,0.5009378
D,0.1527015,0.14767116,0.024705827,0.0,0.11562598,0.24695206,0.14931756,0.35730892,0.09973323,0.45593876,0.26104885,0.13077813,0.5705296,0.37757856,0.062108576,0.8724226,0.42321694,0.53519005,0.57250905,0.50124574
Q,0.10643107,0.08183956,0.04858756,0.11562598,0.0,0.18776208,0.11217302,0.37061048,0.08072555,0.5070026,0.23747623,0.17206967,0.57126385,0.41495383,0.120491266,0.89183635,0.44012427,0.54096264,0.58284247,0.55306053
N,0.22807133,0.21195513,0.23269892,0.24695206,0.18776208,0.0,0.20394981,0.33365065,0.17549336,0.5236749,0.36407626,0.27154863,0.59008634,0.45104837,0.26088792,0.8835548,0.5025057,0.5662699,0.6642897,0.59129214
H,0.16951251,0.12929136,0.13872886,0.14931756,0.11217302,0.20394981,0.0,0.41169697,0.12447113,0.52148926,0.27576697,0.19208002,0.5328229,0.33622247,0.16947305,0.897524,0.3253572,0.44544494,0.5060984,0.52876574
S,0.36669958,0.4033332,0.35760373,0.35730892,0.37061048,0.33365065,0.41169697,0.0,0.29726684,0.4363293,0.4305362,0.41646242,0.69300395,0.50654924,0.37803316,0.85616505,0.635901,0.6658808,0.71383053,0.57768506
T,0.11815196,0.10464233,0.076375425,0.09973323,0.08072549,0.17549342,0.12447113,0.29726678,0.0,0.45980924,0.1906203,0.1125136,0.5059006,0.34306216,0.07379007,0.8922131,0.43373948,0.49892014,0.6000235,0.5429516
A,0.4766627,0.5090821,0.46807736,0.45593876,0.5070026,0.5236749,0.52148926,0.4363293,0.45980924,0.0,0.47052562,0.48096687,0.69381464,0.48071265,0.4577617,0.7929031,0.62302864,0.6217399,0.746503,0.5773853
V,0.25104952,0.26997876,0.23378706,0.26104885,0.23747623,0.3640762,0.27576697,0.4305362,0.1906203,0.47052562,1.1920929e-07,0.14516246,0.47037774,0.30254382,0.21752244,0.9065145,0.41771942,0.48876143,0.59872735,0.4877227
I,0.16999,0.16921866,0.13366133,0.13077813,0.17206967,0.27154863,0.19208002,0.41646242,0.11251354,0.48096687,0.14516246,-1.1920929e-07,0.5059004,0.33499658,0.11647791,0.90378535,0.39625347,0.46396905,0.5608563,0.5160048
L,0.53671163,0.55401963,0.57176906,0.5705296,0.57126385,0.59008634,0.5328229,0.69300395,0.50590056,0.69381464,0.47037768,0.5059004,5.9604645e-08,0.28466123,0.54375994,0.9182415,0.46415186,0.35435045,0.7128221,0.6186557
M,0.36683726,0.39518,0.3815536,0.37757856,0.41495383,0.45104837,0.33622247,0.50654924,0.34306216,0.48071265,0.30254376,0.33499658,0.28466123,0.0,0.37344372,0.8961458,0.35932517,0.3381287,0.608816,0.4076584
P,0.15800488,0.14997971,0.06007296,0.062108576,0.120491266,0.26088792,0.16947305,0.37803316,0.073790014,0.4577617,0.21752238,0.11647791,0.54375994,0.37344372,1.1920929e-07,0.9097438,0.4323622,0.51621616,0.5965212,0.5205989
G,0.8715633,0.9022939,0.86862224,0.8724226,0.89183635,0.8835548,0.897524,0.85616505,0.8922131,0.7929031,0.9065145,0.90378535,0.9182415,0.8961458,0.9097438,1.1920929e-07,0.90842676,0.8598348,0.870126,0.9197525
Y,0.40817398,0.4259172,0.4332478,0.42321694,0.44012427,0.5025057,0.3253572,0.63590103,0.43373948,0.62302864,0.41771942,0.39625353,0.46415192,0.35932517,0.4323622,0.90842676,0.0,0.21054965,0.4775874,0.5439583
F,0.49799412,0.5100758,0.52981913,0.53519005,0.54096264,0.5662699,0.44544494,0.6658808,0.4989202,0.6217399,0.48876143,0.46396905,0.35435045,0.3381287,0.51621616,0.8598348,0.21054965,0.0,0.5830321,0.5802033
W,0.60176164,0.58686674,0.5889362,0.572509,0.58284247,0.6642897,0.5060984,0.71383053,0.6000235,0.746503,0.59872735,0.5608563,0.7128221,0.608816,0.5965212,0.870126,0.4775874,0.5830321,2.3841858e-07,0.6828897
C,0.52850217,0.5536703,0.5009378,0.50124574,0.55306053,0.59129214,0.52876574,0.57768506,0.5429516,0.5773853,0.48772264,0.5160048,0.6186557,0.4076584,0.5205989,0.9197525,0.5439583,0.5802033,0.6828897,5.9604645e-08
