,R,K,E,D,Q,N,H,S,T,A,V,I,L,M,P,G,Y,F,W,C
R,0.0,0.013058364,0.13764656,0.11865926,0.04953146,0.041799307,0.07332575,0.039884746,0.086610556,0.041236162,0.049533963,0.04994273,0.12029058,0.105035484,0.6124295,0.48916453,0.24973613,0.25319767,0.15254718,0.19060874
K,0.013058364,5.9604645e-08,0.08478755,0.10410577,0.019884646,0.0528605,0.09162778,0.040075183,0.052130997,0.03744763,0.085412204,0.08014864,0.07312399,0.05462587,0.54989016,0.43268734,0.25379145,0.23360175,0.16981405,0.1604222
E,0.13764656,0.08478755,0.0,0.08039099,0.032722533,0.12626249,0.16906661,0.0894953,0.038868368,0.06854862,0.24931252,0.25263017,0.05723673,0.03314215,0.37882543,0.25482434,0.31579804,0.24783677,0.26691055,0.12457645
D,0.11865926,0.10410577,0.08039099,5.9604645e-08,0.06936598,0.054624915,0.12596363,0.088781714,0.10338563,0.07397807,0.20994008,0.20894647,0.1391977,0.10969198,0.46650463,0.34491348,0.3103823,0.28514278,0.24995548,0.19205773
Q,0.04953146,0.019884646,0.032722533,0.06936598,0.0,0.058775187,0.09280294,0.0376814,0.026055157,0.030755699,0.14462268,0.142111,0.052958727,0.028133571,0.4921115,0.36047828,0.27025646,0.23038286,0.1972102,0.12240708
N,0.041799307,0.0528605,0.12626249,0.054624915,0.058775187,0.0,0.06731069,0.045637786,0.09823525,0.04137516,0.11983329,0.11746746,0.1377098,0.111555815,0.54410243,0.42864144,0.25545353,0.25447595,0.18013895,0.19335175
H,0.07332575,0.09162778,0.16906661,0.12596363,0.09280294,0.06731069,-1.1920929e-07,0.07965052,0.13039273,0.06982005,0.11158723,0.11419779,0.17585087,0.14776963,0.57799816,0.482763,0.190696,0.20948541,0.13997316,0.1962763
S,0.039884746,0.040075183,0.0894953,0.088781714,0.0376814,0.045637786,0.07965052,0.0,0.048178136,0.009106457,0.104679465,0.111312985,0.103835225,0.083069384,0.5195507,0.39739716,0.25065356,0.23291785,0.1612724,0.14512044
T,0.086610556,0.052131057,0.038868427,0.10338563,0.026055157,0.09823525,0.13039267,0.048178136,0.0,0.04560381,0.19018567,0.18552476,0.032386065,0.02561158,0.4258191,0.30452985,0.24643892,0.19109046,0.20045751,0.12569994
A,0.041236162,0.03744763,0.06854862,0.07397807,0.030755699,0.04137516,0.06982005,0.009106457,0.04560381,0.0,0.111100554,0.11903411,0.09438342,0.07415551,0.51113915,0.3813091,0.24192655,0.22471654,0.15855306,0.1475277
V,0.049533963,0.085412204,0.24931252,0.20994008,0.14462268,0.11983329,0.11158723,0.104679465,0.19018567,0.111100554,0.0,0.0072063804,0.22736412,0.2119829,0.7101478,0.6271451,0.26930034,0.3053547,0.18101805,0.28063762
I,0.04994273,0.08014864,0.25263017,0.20894647,0.142111,0.11746746,0.11419779,0.111312985,0.18552476,0.11903411,0.00720644,0.0,0.20694804,0.19776845,0.7054757,0.633571,0.2423253,0.27660286,0.16642195,0.27604097
L,0.12029058,0.07312399,0.05723673,0.1391977,0.052958727,0.1377098,0.17585087,0.103835225,0.032386005,0.09438342,0.22736406,0.20694804,0.0,0.016795099,0.41995823,0.308433,0.23136824,0.16387457,0.2037397,0.14889503
M,0.105035484,0.05462587,0.03314215,0.10969198,0.028133571,0.111555815,0.14776963,0.083069384,0.02561152,0.07415551,0.21198285,0.19776845,0.016795099,0.0,0.4241699,0.30026174,0.23480219,0.17067802,0.20930773,0.1267463
P,0.6124295,0.54989016,0.37882543,0.46650463,0.4921115,0.54410243,0.57799816,0.5195507,0.42581904,0.51113915,0.71014774,0.7054757,0.41995823,0.4241699,0.0,0.21003526,0.61288184,0.520177,0.64797944,0.47066385
G,0.48916453,0.43268734,0.25482434,0.34491348,0.36047828,0.42864144,0.482763,0.39739716,0.30452985,0.3813091,0.6271451,0.633571,0.308433,0.30026174,0.21003526,0.0,0.5269227,0.42317396,0.54598784,0.36364704
Y,0.24973613,0.25379145,0.31579804,0.3103823,0.27025646,0.25545353,0.190696,0.25065356,0.24643892,0.24192655,0.26930034,0.24232537,0.23136824,0.23480219,0.61288184,0.5269227,1.1920929e-07,0.027509153,0.08490884,0.3127395
F,0.25319767,0.23360175,0.24783677,0.28514278,0.23038286,0.25447595,0.20948541,0.23291785,0.19109046,0.22471654,0.30535465,0.27660286,0.16387457,0.17067802,0.520177,0.42317396,0.027509093,0.0,0.104136705,0.27005714
W,0.15254718,0.16981405,0.26691055,0.24995548,0.1972102,0.18013895,0.13997316,0.1612724,0.20045751,0.15855306,0.18101805,0.16642201,0.2037397,0.20930773,0.64797944,0.5459878,0.08490884,0.104136705,1.1920929e-07,0.2704686
C,0.19060874,0.1604222,0.12457645,0.19205773,0.12240708,0.19335175,0.1962763,0.14512044,0.12569994,0.1475277,0.28063762,0.27604097,0.14889503,0.1267463,0.47066385,0.36364704,0.3127395,0.27005714,0.2704686,0.0
