,R,K,E,D,Q,N,H,S,T,A,V,I,L,M,P,G,Y,F,W,C
R,0.0,0.020168543,0.06416482,0.072870135,0.025136948,0.041301906,0.073645115,0.028362274,0.032952785,0.025569737,0.061015546,0.07963771,0.061098337,0.042766333,0.52607596,0.44752687,0.16576886,0.15579289,0.11819327,0.14387435
K,0.020168543,0.0,0.059007347,0.067760706,0.019764364,0.03601843,0.06853992,0.023007512,0.027623355,0.020199597,0.05584073,0.07456553,0.055924,0.037490964,0.52346414,0.44448215,0.16117132,0.15114039,0.11333358,0.13915616
E,0.06416482,0.059007347,0.0,0.109619975,0.06377882,0.079303026,0.1103642,0.06687629,0.07128489,0.0641945,0.09823525,0.116119266,0.09831476,0.0807094,0.54486156,0.46942592,0.19883633,0.18925577,0.15314656,0.17780972
D,0.072870135,0.067760706,0.109619975,0.0,0.07248777,0.08786756,0.11863983,0.07555646,0.07992399,0.07289952,0.10662365,0.12434137,0.10670245,0.089260876,0.5490953,0.47436148,0.20628893,0.19679749,0.16102421,0.18545789
Q,0.025136948,0.019764364,0.06377882,0.07248777,0.0,0.04090649,0.07326305,0.027961493,0.03255397,0.025167823,0.060628235,0.079258084,0.060711086,0.04237151,0.5258805,0.447299,0.16542476,0.15544468,0.11782956,0.14352125
N,0.041301906,0.03601843,0.079303026,0.08786756,0.04090649,0.0,0.08862996,0.04407966,0.048595905,0.041332304,0.07620472,0.094525635,0.07628614,0.058250666,0.53374225,0.45646375,0.17926347,0.16944891,0.13245755,0.15772319
H,0.073645115,0.06853992,0.1103642,0.11863983,0.07326305,0.08862996,0.0,0.07632917,0.080693066,0.0736745,0.107370436,0.12507325,0.107449114,0.09002215,0.5494722,0.47480083,0.2069524,0.19746888,0.16172546,0.18613875
S,0.028362274,0.023007512,0.06687629,0.07555646,0.027961493,0.04407966,0.07632917,0.0,0.03575474,0.02839309,0.06373614,0.08230442,0.06381869,0.045539856,0.52744913,0.4491276,0.16818595,0.15823889,0.12074828,0.14635491
T,0.032952785,0.027623355,0.07128489,0.07992399,0.03255397,0.048595905,0.080693066,0.03575474,0.0,0.032983482,0.06815958,0.08664006,0.068241715,0.050049186,0.5296817,0.4517302,0.17211592,0.16221583,0.12490231,0.150388
A,0.025569737,0.020199597,0.0641945,0.07289952,0.025167823,0.041332304,0.0736745,0.02839309,0.032983482,0.0,0.06104529,0.07966691,0.06112808,0.04279667,0.526091,0.4475444,0.16579527,0.15581965,0.11822122,0.14390147
V,0.061015546,0.05584073,0.09823525,0.10662365,0.060628235,0.07620472,0.107370436,0.06373614,0.06815958,0.06104529,0.0,0.113144815,0.09528041,0.0776158,0.54332983,0.46764046,0.19614023,0.18652749,0.15029675,0.17504287
I,0.07963771,0.07456553,0.116119266,0.12434137,0.079258084,0.094525635,0.12507325,0.08230442,0.08664006,0.07966691,0.113144815,0.0,0.113223016,0.09590876,0.55238664,0.47819835,0.21208262,0.20266044,0.16714829,0.19140363
L,0.061098337,0.055924,0.09831476,0.10670245,0.060711086,0.07628614,0.107449114,0.06381869,0.068241715,0.06112808,0.09528041,0.113223016,0.0,0.07769716,0.5433701,0.46768737,0.1962111,0.1865992,0.15037167,0.17511559
M,0.042766333,0.037490964,0.0807094,0.089260876,0.04237151,0.058250666,0.09002215,0.045539856,0.050049186,0.04279667,0.0776158,0.09590876,0.07769716,0.0,0.53445446,0.457294,0.1805172,0.1707176,0.13378274,0.15900975
P,0.52607596,0.52346414,0.54486156,0.5490953,0.5258805,0.53374225,0.5494722,0.52744913,0.5296817,0.526091,0.54332983,0.55238664,0.5433701,0.53445446,0.0,0.7313076,0.5942761,0.5894244,0.571138,0.5836278
G,0.44752687,0.44448215,0.46942592,0.47436148,0.447299,0.45646375,0.47480083,0.4491276,0.4517302,0.4475444,0.46764046,0.47819835,0.46768737,0.457294,0.7313076,0.0,0.5270306,0.5213747,0.5000575,0.51461744
Y,0.16576886,0.16117132,0.19883633,0.20628893,0.16542476,0.17926347,0.2069524,0.16818595,0.17211592,0.16579527,0.19614023,0.21208262,0.1962111,0.1805172,0.5942761,0.5270306,0.0,0.27727866,0.24508983,0.26707524
F,0.15579289,0.15114039,0.18925577,0.19679749,0.15544468,0.16944891,0.19746888,0.15823889,0.16221583,0.15581965,0.18652749,0.20266044,0.1865992,0.1707176,0.5894244,0.5213747,0.27727866,0.0,0.23606241,0.25831074
W,0.11819327,0.11333358,0.15314656,0.16102421,0.11782956,0.13245755,0.16172546,0.12074828,0.12490231,0.11822122,0.15029675,0.16714829,0.15037167,0.13378274,0.571138,0.5000575,0.24508983,0.23606241,0.0,0.22527713
C,0.14387435,0.13915616,0.17780972,0.18545789,0.14352125,0.15772319,0.18613875,0.14635491,0.150388,0.14390147,0.17504287,0.19140363,0.17511559,0.15900975,0.5836278,0.51461744,0.26707524,0.25831074,0.22527713,0.0
