,R,K,E,D,Q,N,H,S,T,A,V,I,L,M,P,G,Y,F,W,C
R,-1.1920929e-07,0.044399977,0.3130051,0.34590352,0.20061684,0.15362394,0.2567709,0.17092091,0.21393943,0.29140323,0.53258,0.60646296,0.64039415,0.5242289,0.40592092,0.37034982,0.5552001,0.5306638,0.67714053,0.39889443
K,0.044399977,5.9604645e-08,0.25031453,0.34698993,0.14623594,0.16307998,0.21488428,0.17074275,0.19796622,0.23135382,0.51246244,0.59416646,0.63186014,0.49514866,0.415627,0.37226075,0.53364897,0.50499094,0.669516,0.36484206
E,0.3130051,0.25031453,0.0,0.44002688,0.17765617,0.3334973,0.28690374,0.2689786,0.25265872,0.22411507,0.47435445,0.5793948,0.56569946,0.4674304,0.5476706,0.49496037,0.505808,0.50157624,0.635005,0.3460335
D,0.34590352,0.34698993,0.44002688,0.0,0.49650723,0.1309393,0.5078738,0.31760806,0.3350538,0.41448277,0.6223404,0.7122216,0.7634596,0.69181633,0.10565162,0.26219845,0.75809103,0.68379915,0.8434411,0.56312275
Q,0.20061684,0.14623594,0.17765617,0.49650723,-1.1920929e-07,0.3104061,0.16291362,0.20472014,0.19426644,0.15151817,0.3666371,0.4660262,0.4810292,0.34696394,0.55285454,0.48404497,0.41079652,0.40802646,0.5531393,0.23688394
N,0.15362394,0.16307998,0.3334973,0.1309393,0.3104061,0.0,0.33314407,0.13978297,0.20113611,0.3278411,0.59381354,0.67045814,0.7384878,0.6415584,0.20381725,0.28976446,0.6788367,0.63054156,0.7576231,0.46240956
H,0.2567709,0.21488428,0.28690374,0.5078738,0.16291362,0.33314407,1.1920929e-07,0.27951795,0.2795602,0.20238787,0.42924505,0.5009918,0.49511063,0.38404757,0.5407075,0.50520086,0.28350025,0.28207982,0.54486215,0.28825796
S,0.17092091,0.17074275,0.2689786,0.31760806,0.20472014,0.13978297,0.27951795,0.0,0.07025576,0.22406667,0.49669415,0.5803448,0.67041266,0.53913414,0.3824957,0.35394442,0.6006726,0.5845802,0.66972953,0.3561892
T,0.21393943,0.19796616,0.25265872,0.33505374,0.1942665,0.201136,0.27956027,0.07025576,5.9604645e-08,0.19216132,0.36589015,0.43888718,0.5856242,0.4668215,0.3934884,0.41529602,0.5705694,0.5103836,0.68035793,0.2853037
A,0.29140323,0.23135382,0.22411507,0.41448277,0.15151817,0.3278411,0.20238787,0.22406667,0.19216132,0.0,0.327762,0.47528398,0.47067493,0.3747363,0.48533416,0.37864298,0.42277366,0.40229744,0.55087733,0.2085582
V,0.53258,0.51246244,0.47435445,0.6223404,0.36663717,0.59381354,0.42924505,0.49669415,0.36589015,0.327762,1.1920929e-07,0.06848025,0.2798769,0.25904948,0.6511165,0.62558764,0.44133395,0.32950777,0.56111515,0.33225757
I,0.60646296,0.59416646,0.5793948,0.7122216,0.4660262,0.67045814,0.5009918,0.5803448,0.43888718,0.47528398,0.06848025,0.0,0.25347012,0.25484776,0.71935916,0.73428345,0.44282013,0.33131117,0.53531694,0.43833655
L,0.64039415,0.63186014,0.56569946,0.7634596,0.4810292,0.7384878,0.49511063,0.67041266,0.5856242,0.47067493,0.2798769,0.25347012,0.0,0.09062153,0.767771,0.7210319,0.25987363,0.2437517,0.3007117,0.42058915
M,0.5242289,0.49514866,0.4674304,0.69181633,0.34696394,0.6415584,0.38404757,0.53913414,0.46682137,0.3747363,0.25904953,0.25484776,0.09062153,0.0,0.7129301,0.65372676,0.24851727,0.21236628,0.33550173,0.34442002
P,0.40592092,0.415627,0.5476706,0.10565162,0.55285454,0.20381725,0.5407075,0.3824957,0.39348847,0.48533416,0.6511165,0.71935916,0.767771,0.7129301,0.0,0.2671638,0.7457913,0.6825185,0.82912487,0.61649096
G,0.37034982,0.37226075,0.49496037,0.26219845,0.48404497,0.28976446,0.50520086,0.35394442,0.41529602,0.37864298,0.62558764,0.73428345,0.7210319,0.65372676,0.2671638,5.9604645e-08,0.6755663,0.6358279,0.7518096,0.5381466
Y,0.5552001,0.53364897,0.505808,0.75809103,0.41079658,0.6788367,0.28350025,0.6006726,0.5705694,0.42277366,0.441334,0.44282007,0.25987363,0.24851727,0.7457913,0.6755663,0.0,0.08957785,0.27439445,0.44688314
F,0.5306638,0.50499094,0.50157624,0.68379915,0.40802646,0.63054156,0.28207982,0.5845802,0.51038355,0.40229744,0.32950777,0.33131117,0.2437517,0.21236628,0.6825185,0.6358279,0.08957785,0.0,0.3649484,0.40112406
W,0.67714053,0.669516,0.635005,0.8434411,0.5531393,0.7576231,0.54486215,0.6697295,0.68035793,0.55087733,0.56111515,0.53531694,0.3007117,0.33550173,0.82912487,0.7518096,0.27439445,0.36494845,1.1920929e-07,0.54979074
C,0.39889443,0.36484206,0.3460335,0.56312275,0.23688394,0.46240956,0.28825796,0.3561892,0.2853037,0.2085582,0.33225757,0.43833655,0.42058915,0.34442002,0.61649096,0.5381466,0.44688314,0.40112406,0.54979074,0.0
