,R,K,E,D,Q,N,H,S,T,A,V,I,L,M,P,G,Y,F,W,C
R,0.0,0.36046624,0.3727671,0.6113538,0.27430505,0.49234337,0.3044623,0.37277347,0.35414362,0.30904698,0.35492635,0.36340487,0.3530553,0.30565602,0.68157935,0.52881706,0.33814716,0.34283882,0.43408716,0.3230759
K,0.36046624,0.0,0.34098572,0.59166145,0.2375347,0.46662086,0.26922,0.34099245,0.32141864,0.274037,0.322241,0.3311491,0.3202752,0.2704742,0.6654452,0.50494266,0.30461162,0.30954105,0.40541285,0.2887767
E,0.3727671,0.34098572,0.0,0.59951544,0.2522,0.4768799,0.28327584,0.35366786,0.3344705,0.28800023,0.33527708,0.3440138,0.33334905,0.28450596,0.67188007,0.5144646,0.31798673,0.32282138,0.41684914,0.30245638
D,0.6113538,0.59166145,0.59951544,0.0,0.53664804,0.6758642,0.55590326,0.59951955,0.5876245,0.55883056,0.5881243,0.5935377,0.5869296,0.5566654,0.7966903,0.69915247,0.5774108,0.5804064,0.63866794,0.5677879
Q,0.27430505,0.2375347,0.2522,0.53664804,0.0,0.39476132,0.1707657,0.2522077,0.2299968,0.17623168,0.23092997,0.2410382,0.22869927,0.17218888,0.62037235,0.438246,0.21092546,0.216519,0.32530707,0.19295716
N,0.49234337,0.46662086,0.4768799,0.6758642,0.39476132,0.0,0.41991287,0.4768852,0.4613477,0.42373657,0.4620005,0.4690717,0.46044004,0.42090845,0.7344332,0.60702753,0.44800645,0.45191938,0.5280216,0.4354368
H,0.3044623,0.26922,0.28327584,0.55590326,0.1707657,0.41991287,0.0,0.28328317,0.26199532,0.21046448,0.26288974,0.27257788,0.26075172,0.2065897,0.6361483,0.46159047,0.24371648,0.24907762,0.35334486,0.22649491
S,0.37277347,0.34099245,0.35366786,0.59951955,0.2522077,0.4768852,0.28328317,0.0,0.3344773,0.2880075,0.33528388,0.34402055,0.33335584,0.28451324,0.67188346,0.51446956,0.31799376,0.3228283,0.4168551,0.30246353
T,0.35414362,0.32141864,0.3344705,0.5876245,0.2299968,0.4613477,0.26199532,0.3344773,0.0,0.26685995,0.3155405,0.32453668,0.31355524,0.2632619,0.66213775,0.5000484,0.29773682,0.302715,0.39953458,0.28174537
A,0.30904698,0.274037,0.28800023,0.55883056,0.17623168,0.42373657,0.21046448,0.2880075,0.26685995,0.0,0.26774848,0.27737278,0.26562458,0.21181953,0.63854665,0.46513945,0.24870163,0.25402737,0.35760736,0.23159355
V,0.35492635,0.322241,0.33527708,0.5881243,0.23092997,0.4620005,0.26288974,0.33528388,0.3155405,0.26774848,0.0,0.3253553,0.31438714,0.2641548,0.66254723,0.5006542,0.29858792,0.30356008,0.4002623,0.28261584
I,0.36340487,0.3311491,0.3440138,0.5935377,0.2410382,0.4690717,0.27257788,0.34402055,0.32453668,0.27737278,0.3253553,0.0,0.32339847,0.2738263,0.6669825,0.5072174,0.30780685,0.31271368,0.4081449,0.2920447
L,0.3530553,0.3202752,0.33334905,0.5869296,0.22869927,0.46044004,0.26075172,0.33335584,0.31355524,0.26562458,0.31438714,0.32339847,0.0,0.26202047,0.6615684,0.4992059,0.2965535,0.30154002,0.39852273,0.28053504
M,0.30565602,0.2704742,0.28450596,0.5566654,0.17218888,0.42090845,0.2065897,0.28451324,0.2632619,0.21181953,0.2641548,0.2738263,0.26202047,0.0,0.63677275,0.46251452,0.24501449,0.2503664,0.3544547,0.22782248
P,0.68157935,0.6654452,0.67188007,0.7966903,0.62037235,0.7344332,0.6361483,0.67188346,0.66213775,0.63854665,0.66254723,0.6669825,0.6615684,0.63677275,0.0,0.7535134,0.6537696,0.6562239,0.70395803,0.64588547
G,0.52881706,0.50494266,0.5144646,0.69915247,0.438246,0.60702753,0.46159047,0.51446956,0.5000484,0.46513945,0.5006542,0.5072174,0.4992059,0.46251452,0.7535134,0.0,0.4876656,0.49129742,0.5619319,0.47599906
Y,0.33814716,0.30461162,0.31798673,0.5774108,0.21092546,0.44800645,0.24371648,0.31799376,0.29773682,0.24870163,0.29858792,0.30780685,0.2965535,0.24501449,0.6537696,0.4876656,0.0,0.28544474,0.38466233,0.2639557
F,0.34283882,0.30954105,0.32282138,0.5804064,0.216519,0.45191938,0.24907762,0.3228283,0.302715,0.25402737,0.30356008,0.31271368,0.30154002,0.2503664,0.6562239,0.49129742,0.28544474,0.0,0.38902432,0.26917332
W,0.43408716,0.40541285,0.41684914,0.63866794,0.32530707,0.5280216,0.35334486,0.4168551,0.39953458,0.35760736,0.4002623,0.4081449,0.39852273,0.3544547,0.70395803,0.5619319,0.38466233,0.38902432,0.0,0.3706503
C,0.3230759,0.2887767,0.30245638,0.5677879,0.19295716,0.4354368,0.22649491,0.30246353,0.28174537,0.23159355,0.28261584,0.2920447,0.28053504,0.22782248,0.64588547,0.47599906,0.2639557,0.26917332,0.3706503,0.0
